0 608
1 461
2 738
3 103
4 925
5 67
6 552
7 211
8 728
9 862
10 856
11 272
12 806
13 682
14 900
15 46
16 731
17 331
18 405
19 202
20 590
21 506
22 919
23 153
24 698
25 43
26 949
27 931
28 0
29 407
30 424
31 926
32 922
33 601
34 672
35 598
36 43
37 278
38 357
39 79
40 594
41 558
42 695
43 551
44 469
45 234
46 482
47 922
48 433
49 625
50 782
51 562
52 280
53 419
54 186
55 843
56 852
57 593
58 656
59 873
60 175
61 398
62 812
63 927
64 797
65 494
66 182
67 61
68 97
69 378
70 335
71 525
72 404
73 709
74 792
75 186
76 37
77 719
78 813
79 469
80 514
81 155
82 289
83 621
84 756
85 374
86 867
87 618
88 289
89 831
90 574
91 943
92 434
93 533
94 335
95 521
96 477
97 994
98 119
99 512
100 477
101 242
102 32
103 842
104 413
105 623
106 261
107 334
108 284
109 261
110 858
111 75
112 353
113 517
114 186
115 30
116 8
117 808
118 767
119 338
120 389
121 954
122 587
123 815
124 181
125 320
126 950
127 81
128 981
129 951
130 785
131 644
132 826
133 19
134 622
135 433
136 654
137 480
138 339
139 688
140 172
141 857
142 995
143 538
144 235
145 234
146 172
147 737
148 903
149 820
150 232
151 894
152 85
153 325
154 579
155 975
156 532
157 954
158 371
159 323
160 553
161 442
162 286
163 99
164 499
165 415
166 525
167 575
168 214
169 380
170 893
171 810
172 3
173 774
174 302
175 620
176 84
177 768
178 861
179 498
180 612
181 239
182 372
183 35
184 133
185 62
186 418
187 97
188 275
189 839
190 973
191 874
192 902
193 711
194 266
195 19
196 302
197 765
198 671
199 416
200 199
201 967
202 57
203 314
204 643
205 8
206 687
207 317
208 14
209 322
210 639
211 437
212 5
213 484
214 638
215 949
216 432
217 400
218 987
219 819
220 663
221 76
222 261
223 107
224 760
225 362
226 843
227 431
228 46
229 502
230 922
231 592
232 621
233 412
234 929
235 627
236 42
237 604
238 352
239 243
240 416
241 107
242 359
243 607
244 645
245 239
246 659
247 7
248 499
249 38
250 371
251 616
252 26
253 260
254 601
255 946
256 234
257 863
258 795
259 611
260 151
261 776
262 657
263 322
264 101
265 457
266 106
267 897
268 939
269 509
270 231
271 784
272 972
273 776
274 785
275 130
276 336
277 277
278 622
279 326
280 633
281 510
282 366
283 125
284 521
285 67
286 348
287 882
288 425
289 410
290 839
291 347
292 532
293 231
294 169
295 827
296 475
297 328
298 111
299 193
300 321
301 56
302 799
303 904
304 326
305 478
306 680
307 404
308 513
309 369
310 259
311 134
312 535
313 874
314 159
315 740
316 696
317 278
318 154
319 968
320 240
321 991
322 43
323 115
324 11
325 102
326 100
327 758
328 410
329 254
330 358
331 429
332 42
333 328
334 692
335 73
336 155
337 79
338 474
339 344
340 774
341 775
342 902
343 306
344 320
345 87
346 972
347 731
348 243
349 288
350 815
351 424
352 420
353 809
354 619
355 104
356 63
357 841
358 352
359 288
360 334
361 616
362 233
363 59
364 513
365 393
366 227
367 365
368 7
369 312
370 337
371 818
372 66
373 820
374 508
375 7
376 985
377 50
378 639
379 796
380 167
381 934
382 640
383 461
384 112
385 726
386 619
387 316
388 852
389 277
390 609
391 173
392 188
393 224
394 437
395 78
396 562
397 536
398 551
399 752
400 661
401 789
402 490
403 942
404 849
405 212
406 328
407 497
408 917
409 29
410 213
411 85
412 134
413 523
414 824
415 780
416 305
417 832
418 6
419 765
420 790
421 317
422 385
423 289
424 616
425 707
426 558
427 330
428 440
429 241
430 108
431 271
432 498
433 882
434 848
435 856
436 679
437 578
438 790
439 747
440 561
441 61
442 321
443 657
444 5
445 940
446 940
447 929
448 811
449 565
450 465
451 982
452 137
453 709
454 422
455 959
456 685
457 373
458 248
459 115
460 809
461 638
462 495
463 78
464 849
465 883
466 617
467 605
468 224
469 210
470 322
471 522
472 128
473 670
474 617
475 460
476 841
477 772
478 22
479 983
480 217
481 543
482 456
483 83
484 833
485 346
486 523
487 124
488 864
489 658
490 638
491 813
492 336
493 246
494 106
495 569
496 302
497 915
498 39
499 664
500 368
501 376
502 849
503 970
504 647
505 971
506 207
507 995
508 972
509 343
510 828
511 499
512 519
513 243
514 654
515 152
516 554
517 215
518 924
519 523
520 948
521 221
522 949
523 516
524 401
525 922
526 644
527 795
528 231
529 592
530 799
531 812
532 323
533 433
534 6
535 326
536 338
537 802
538 416
539 544
540 316
541 122
542 801
543 24
544 186
545 805
546 769
547 770
548 520
549 545
550 870
551 665
552 174
553 980
554 449
555 197
556 176
557 8
558 350
559 409
560 733
561 660
562 709
563 895
564 237
565 153
566 957
567 75
568 396
569 118
570 824
571 97
572 507
573 32
574 42
575 940
576 661
577 321
578 315
579 859
580 63
581 411
582 364
583 810
584 409
585 322
586 902
587 715
588 457
589 203
590 166
591 326
592 159
593 805
594 268
595 148
596 938
597 259
598 763
599 388
600 217
601 418
602 395
603 833
604 815
605 957
606 690
607 448
608 669
609 555
610 657
611 441
612 595
613 778
614 370
615 977
616 234
617 258
618 551
619 602
620 168
621 512
622 206
623 736
624 518
625 381
626 50
627 896
628 879
629 179
630 51
631 151
632 790
633 316
634 828
635 596
636 466
637 278
638 717
639 715
640 886
641 143
642 303
643 295
644 801
645 537
646 949
647 491
648 268
649 985
650 874
651 318
652 433
653 762
654 917
655 585
656 593
657 193
658 65
659 165
660 974
661 245
662 593
663 318
664 303
665 902
666 296
667 342
668 330
669 7
670 431
671 391
672 467
673 632
674 928
675 177
676 819
677 204
678 839
679 732
680 868
681 452
682 641
683 59
684 448
685 230
686 436
687 77
688 802
689 894
690 494
691 545
692 292
693 222
694 777
695 677
696 87
697 909
698 867
699 811
700 137
701 10
702 981
703 233
704 609
705 244
706 545
707 651
708 598
709 912
710 334
711 423
712 69
713 93
714 809
715 741
716 737
717 207
718 697
719 745
720 669
721 382
722 44
723 215
724 285
725 226
726 800
727 777
728 75
729 245
730 497
731 879
732 821
733 781
734 737
735 460
736 891
737 525
738 47
739 530
740 350
741 888
742 430
743 593
744 308
745 633
746 125
747 593
748 449
749 785
750 439
751 193
752 39
753 590
754 953
755 667
756 405
757 620
758 993
759 310
760 590
761 450
762 766
763 895
764 41
765 940
766 218
767 725
768 62
769 729
770 299
771 168
772 64
773 992
774 193
775 606
776 501
777 644
778 155
779 457
780 794
781 233
782 602
783 584
784 179
785 489
786 927
787 377
788 193
789 712
790 816
791 960
792 5
793 176
794 589
795 878
796 120
797 338
798 121
799 248
800 269
801 730
802 676
803 315
804 230
805 557
806 893
807 569
808 267
809 874
810 21
811 283
812 825
813 882
814 935
815 748
816 174
817 501
818 547
819 405
820 931
821 963
822 98
823 762
824 619
825 811
826 859
827 408
828 880
829 899
830 836
831 969
832 69
833 613
834 964
835 38
836 925
837 59
838 989
839 463
840 90
841 279
842 864
843 42
844 186
845 73
846 217
847 374
848 20
849 997
850 721
851 523
852 609
853 456
854 529
855 985
856 573
857 495
858 524
859 841
860 228
861 652
862 950
863 627
864 65
865 614
866 121
867 740
868 290
869 444
870 758
871 812
872 271
873 342
874 536
875 58
876 889
877 737
878 332
879 837
880 248
881 92
882 20
883 400
884 541
885 235
886 764
887 352
888 222
889 152
890 596
891 693
892 704
893 904
894 59
895 395
896 622
897 969
898 813
899 444
900 287
901 223
902 907
903 387
904 646
905 117
906 488
907 951
908 139
909 262
910 380
911 43
912 903
913 648
914 2
915 422
916 260
917 33
918 116
919 548
920 787
921 617
922 78
923 760
924 207
925 556
926 160
927 196
928 671
929 10
930 44
931 375
932 49
933 869
934 528
935 497
936 322
937 831
938 550
939 694
940 474
941 829
942 934
943 429
944 508
945 499
946 533
947 579
948 771
949 733
950 223
951 121
952 95
953 504
954 455
955 815
956 199
957 963
958 520
959 523
960 777
961 93
962 628
963 178
964 501
965 164
966 153
967 434
968 312
969 103
970 708
971 98
972 187
973 81
974 205
975 654
976 923
977 139
978 162
979 922
980 644
981 524
982 895
983 554
984 615
985 143
986 523
987 629
988 899
989 177
990 543
991 348
992 759
993 254
994 679
995 858
996 861
997 552
998 683
999 153
1000 347
1001 674
1002 23
1003 430
1004 835
1005 623
1006 189
1007 419
1008 194
1009 850
1010 309
1011 384
1012 909
1013 25
1014 635
1015 500
1016 991
1017 155
1018 782
1019 517
1020 975
1021 203
1022 465
1023 714
1024 110
1025 289
1026 666
1027 858
1028 895
1029 611
1030 472
1031 987
1032 535
1033 261
1034 602
1035 448
1036 188
1037 794
1038 131
1039 928
1040 746
1041 661
1042 865
1043 287
1044 184
1045 569
1046 748
1047 475
1048 34
1049 985
1050 100
1051 677
1052 991
1053 460
1054 523
1055 594
1056 434
1057 489
1058 833
1059 230
1060 630
1061 724
1062 999
1063 660
1064 738
1065 994
1066 947
1067 387
1068 876
1069 30
1070 610
1071 600
1072 770
1073 680
1074 603
1075 564
1076 19
1077 991
1078 608
1079 307
1080 404
1081 171
1082 360
1083 633
1084 215
1085 321
1086 936
1087 16
1088 678
1089 340
1090 120
1091 122
1092 765
1093 84
1094 921
1095 799
1096 5
1097 270
1098 708
1099 780
1100 461
1101 800
1102 302
1103 304
1104 699
1105 895
1106 120
1107 500
1108 305
1109 335
1110 738
1111 567
1112 394
1113 942
1114 679
1115 475
1116 259
1117 725
1118 732
1119 751
1120 518
1121 348
1122 514
1123 874
1124 370
1125 265
1126 780
1127 105
1128 631
1129 253
1130 634
1131 765
1132 805
1133 363
1134 659
1135 836
1136 180
1137 430
1138 233
1139 938
1140 117
1141 718
1142 926
1143 235
1144 456
1145 894
1146 829
1147 920
1148 247
1149 533
1150 500
1151 388
1152 407
1153 174
1154 197
1155 914
1156 39
1157 719
1158 795
1159 13
1160 146
1161 603
1162 409
1163 747
1164 678
1165 516
1166 558
1167 47
1168 782
1169 840
1170 853
1171 778
1172 413
1173 695
1174 57
1175 53
1176 537
1177 767
1178 414
1179 341
1180 703
1181 419
1182 794
1183 499
1184 477
1185 374
1186 763
1187 727
1188 922
1189 344
1190 242
1191 256
1192 506
1193 916
1194 733
1195 83
1196 662
1197 270
1198 738
1199 502
1200 312
1201 275
1202 606
1203 768
1204 612
1205 606
1206 246
1207 623
1208 105
1209 940
1210 549
1211 245
1212 727
1213 382
1214 197
1215 191
1216 883
1217 329
1218 57
1219 915
1220 38
1221 779
1222 934
1223 678
1224 764
1225 515
1226 761
1227 816
1228 775
1229 645
1230 579
1231 613
1232 644
1233 690
1234 866
1235 696
1236 93
1237 960
1238 121
1239 870
1240 982
1241 563
1242 408
1243 156
1244 483
1245 799
1246 542
1247 981
1248 878
1249 769
1250 154
1251 988
1252 871
1253 969
1254 329
1255 947
1256 811
1257 830
1258 506
1259 150
1260 855
1261 510
1262 246
1263 247
1264 726
1265 504
1266 779
1267 527
1268 710
1269 497
1270 111
1271 173
1272 857
1273 638
1274 617
1275 942
1276 327
1277 980
1278 99
1279 769
1280 209
1281 914
1282 827
1283 941
1284 256
1285 600
1286 290
1287 762
1288 132
1289 7
1290 876
1291 505
1292 369
1293 180
1294 53
1295 41
1296 707
1297 666
1298 285
1299 879
1300 378
1301 291
1302 338
1303 561
1304 976
1305 619
1306 357
1307 7
1308 8
1309 153
1310 271
1311 246
1312 601
1313 506
1314 457
1315 506
1316 487
1317 564
1318 274
1319 720
1320 275
1321 468
1322 915
1323 533
1324 273
1325 420
1326 503
1327 607
1328 999
1329 933
1330 662
1331 214
1332 629
1333 892
1334 64
1335 246
1336 503
1337 84
1338 719
1339 523
1340 40
1341 993
1342 486
1343 113
1344 617
1345 668
1346 662
1347 608
1348 415
1349 688
1350 535
1351 24
1352 515
1353 47
1354 866
1355 495
1356 194
1357 553
1358 701
1359 556
1360 917
1361 835
1362 584
1363 951
1364 3
1365 552
1366 437
1367 959
1368 50
1369 743
1370 285
1371 879
1372 860
1373 360
1374 372
1375 22
1376 902
1377 796
1378 550
1379 721
1380 476
1381 992
1382 884
1383 392
1384 704
1385 725
1386 366
1387 706
1388 826
1389 864
1390 525
1391 477
1392 513
1393 993
1394 312
1395 998
1396 176
1397 618
1398 787
1399 353
1400 243
1401 110
1402 681
1403 166
1404 448
1405 995
1406 174
1407 32
1408 155
1409 93
1410 519
1411 203
1412 10
1413 73
1414 917
1415 561
1416 959
1417 2
1418 940
1419 993
1420 292
1421 164
1422 505
1423 966
1424 504
1425 819
1426 266
1427 455
1428 504
1429 598
1430 648
1431 959
1432 697
1433 510
1434 768
1435 771
1436 953
1437 941
1438 231
1439 980
1440 669
1441 317
1442 723
1443 113
1444 93
1445 902
1446 222
1447 762
1448 180
1449 42
1450 677
1451 282
1452 556
1453 817
1454 472
1455 314
1456 38
1457 677
1458 258
1459 950
1460 839
1461 569
1462 495
1463 271
1464 70
1465 163
1466 325
1467 940
1468 153
1469 930
1470 572
1471 582
1472 527
1473 630
1474 511
1475 767
1476 833
1477 347
1478 988
1479 557
1480 410
1481 689
1482 928
1483 720
1484 326
1485 4
1486 379
1487 846
1488 854
1489 675
1490 59
1491 224
1492 409
1493 958
1494 973
1495 267
1496 998
1497 481
1498 494
1499 213
1500 685
1501 791
1502 215
1503 337
1504 902
1505 317
1506 63
1507 673
1508 362
1509 629
1510 130
1511 111
1512 974
1513 379
1514 55
1515 696
1516 589
1517 848
1518 656
1519 429
1520 693
1521 856
1522 850
1523 160
1524 138
1525 434
1526 493
1527 767
1528 598
1529 156
1530 13
1531 128
1532 866
1533 56
1534 830
1535 114
1536 902
1537 734
1538 751
1539 899
1540 700
1541 735
1542 637
1543 595
1544 971
1545 980
1546 968
1547 100
1548 647
1549 953
1550 514
1551 468
1552 686
1553 490
1554 723
1555 769
1556 102
1557 592
1558 75
1559 993
1560 833
1561 567
1562 495
1563 442
1564 922
1565 703
1566 804
1567 940
1568 386
1569 213
1570 762
1571 585
1572 667
1573 70
1574 79
1575 438
1576 622
1577 400
1578 773
1579 18
1580 423
1581 228
1582 701
1583 719
1584 350
1585 347
1586 234
1587 105
1588 945
1589 732
1590 395
1591 186
1592 628
1593 816
1594 920
1595 624
1596 715
1597 810
1598 22
1599 476
1600 222
1601 110
1602 573
1603 72
1604 555
1605 61
1606 990
1607 292
1608 842
1609 730
1610 738
1611 772
1612 329
1613 989
1614 406
1615 754
1616 856
1617 81
1618 67
1619 291
1620 135
1621 803
1622 777
1623 337
1624 379
1625 481
1626 108
1627 973
1628 567
1629 925
1630 759
1631 398
1632 511
1633 621
1634 204
1635 523
1636 608
1637 409
1638 757
1639 24
1640 612
1641 88
1642 381
1643 344
1644 57
1645 830
1646 544
1647 784
1648 73
1649 998
1650 873
1651 132
1652 660
1653 304
1654 562
1655 296
1656 561
1657 360
1658 46
1659 725
1660 108
1661 291
1662 875
1663 294
1664 249
1665 558
1666 563
1667 37
1668 262
1669 293
1670 921
1671 783
1672 463
1673 100
1674 320
1675 849
1676 163
1677 301
1678 607
1679 430
1680 660
1681 767
1682 337
1683 782
1684 676
1685 712
1686 193
1687 308
1688 739
1689 223
1690 267
1691 132
1692 236
1693 912
1694 774
1695 991
1696 15
1697 77
1698 685
1699 388
1700 250
1701 109
1702 565
1703 197
1704 336
1705 755
1706 208
1707 443
1708 99
1709 174
1710 304
1711 15
1712 46
1713 40
1714 879
1715 999
1716 299
1717 878
1718 147
1719 105
1720 724
1721 315
1722 135
1723 414
1724 621
1725 57
1726 69
1727 990
1728 694
1729 605
1730 248
1731 836
1732 238
1733 926
1734 885
1735 829
1736 922
1737 418
1738 665
1739 363
1740 166
1741 980
1742 53
1743 49
1744 810
1745 598
1746 359
1747 562
1748 294
1749 750
1750 227
1751 466
1752 376
1753 705
1754 238
1755 448
1756 82
1757 9
1758 66
1759 622
1760 273
1761 892
1762 326
1763 847
1764 207
1765 819
1766 613
1767 124
1768 306
1769 315
1770 47
1771 75
1772 78
1773 91
1774 460
1775 117
1776 541
1777 650
1778 828
1779 346
1780 903
1781 381
1782 349
1783 884
1784 613
1785 779
1786 44
1787 620
1788 278
1789 557
1790 444
1791 132
1792 324
1793 12
1794 948
1795 27
1796 769
1797 872
1798 378
1799 126
1800 924
1801 323
1802 925
1803 49
1804 696
1805 304
1806 753
1807 786
1808 211
1809 187
1810 692
1811 910
1812 875
1813 15
1814 989
1815 690
1816 460
1817 710
1818 844
1819 424
1820 103
1821 320
1822 852
1823 908
1824 565
1825 458
1826 669
1827 298
1828 537
1829 946
1830 47
1831 54
1832 227
1833 982
1834 584
1835 816
1836 368
1837 598
1838 310
1839 258
1840 263
1841 716
1842 561
1843 551
1844 95
1845 926
1846 583
1847 753
1848 452
1849 653
1850 483
1851 975
1852 672
1853 926
1854 472
1855 450
1856 741
1857 875
1858 351
1859 410
1860 121
1861 797
1862 176
1863 233
1864 667
1865 751
1866 44
1867 100
1868 194
1869 306
1870 641
1871 226
1872 165
1873 585
1874 55
1875 426
1876 293
1877 824
1878 128
1879 581
1880 230
1881 102
1882 317
1883 45
1884 908
1885 676
1886 275
1887 601
1888 251
1889 761
1890 660
1891 822
1892 71
1893 627
1894 625
1895 171
1896 681
1897 668
1898 101
1899 441
1900 387
1901 439
1902 853
1903 301
1904 546
1905 629
1906 116
1907 420
1908 18
1909 113
1910 379
1911 882
1912 849
1913 140
1914 734
1915 950
1916 361
1917 941
1918 49
1919 293
1920 249
1921 121
1922 481
1923 842
1924 381
1925 995
1926 503
1927 823
1928 49
1929 664
1930 23
1931 699
1932 773
1933 777
1934 279
1935 224
1936 274
1937 526
1938 906
1939 487
1940 443
1941 660
1942 717
1943 403
1944 814
1945 554
1946 649
1947 783
1948 626
1949 222
1950 839
1951 556
1952 859
1953 375
1954 234
1955 978
1956 944
1957 126
1958 757
1959 826
1960 790
1961 102
1962 837
1963 575
1964 285
1965 485
1966 185
1967 303
1968 176
1969 230
1970 119
1971 281
1972 370
1973 781
1974 552
1975 653
1976 236
1977 94
1978 339
1979 146
1980 819
1981 530
1982 32
1983 16
1984 102
1985 975
1986 506
1987 483
1988 685
1989 906
1990 743
1991 968
1992 661
1993 36
1994 220
1995 135
1996 480
1997 414
1998 49
1999 37
2000 761
2001 771
2002 37
2003 77
2004 437
2005 785
2006 698
2007 419
2008 717
2009 874
2010 80
2011 461
2012 304
2013 965
2014 272
2015 334
2016 325
2017 692
2018 6
2019 631
2020 166
2021 91
2022 962
2023 812
2024 665
2025 156
2026 864
2027 713
2028 968
2029 641
2030 859
2031 215
2032 816
2033 71
2034 128
2035 95
2036 158
2037 379
2038 630
2039 226
2040 701
2041 988
2042 756
2043 139
2044 765
2045 252
2046 907
2047 481
2048 317
2049 36
2050 123
2051 732
2052 297
2053 651
2054 249
2055 267
2056 870
2057 931
2058 205
2059 160
2060 658
2061 409
2062 625
2063 953
2064 10
2065 943
2066 326
2067 476
2068 467
2069 471
2070 713
2071 958
2072 865
2073 22
2074 163
2075 552
2076 646
2077 834
2078 134
2079 230
2080 666
2081 802
2082 42
2083 573
2084 505
2085 721
2086 192
2087 417
2088 594
2089 86
2090 574
2091 584
2092 19
2093 882
2094 393
2095 798
2096 538
2097 887
2098 257
2099 126
2100 910
2101 706
2102 318
2103 346
2104 253
2105 909
2106 928
2107 408
2108 471
2109 396
2110 156
2111 505
2112 279
2113 161
2114 538
2115 950
2116 601
2117 886
2118 59
2119 73
2120 590
2121 615
2122 529
2123 981
2124 741
2125 601
2126 638
2127 836
2128 605
2129 635
2130 222
2131 507
2132 525
2133 391
2134 665
2135 571
2136 220
2137 853
2138 72
2139 919
2140 236
2141 997
2142 801
2143 461
2144 96
2145 534
2146 70
2147 523
2148 287
2149 440
2150 599
2151 224
2152 617
2153 35
2154 728
2155 348
2156 190
2157 633
2158 869
2159 500
2160 542
2161 335
2162 289
2163 766
2164 667
2165 51
2166 982
2167 669
2168 122
2169 530
2170 647
2171 249
2172 33
2173 225
2174 746
2175 431
2176 130
2177 478
2178 793
2179 625
2180 61
2181 811
2182 943
2183 625
2184 885
2185 333
2186 399
2187 95
2188 192
2189 599
2190 672
2191 693
2192 690
2193 830
2194 262
2195 811
2196 387
2197 313
2198 666
2199 515
2200 348
2201 16
2202 961
2203 123
2204 450
2205 557
2206 953
2207 75
2208 473
2209 171
2210 128
2211 226
2212 761
2213 705
2214 791
2215 994
2216 646
2217 395
2218 116
2219 892
2220 857
2221 574
2222 909
2223 305
2224 100
2225 638
2226 176
2227 142
2228 603
2229 350
2230 944
2231 690
2232 558
2233 338
2234 417
2235 232
2236 443
2237 548
2238 373
2239 268
2240 560
2241 682
2242 455
2243 564
2244 686
2245 793
2246 996
2247 156
2248 969
2249 72
2250 689
2251 510
2252 308
2253 571
2254 408
2255 44
2256 593
2257 369
2258 372
2259 915
2260 510
2261 429
2262 836
2263 550
2264 211
2265 110
2266 925
2267 100
2268 96
2269 587
2270 31
2271 199
2272 884
2273 15
2274 553
2275 274
2276 184
2277 92
2278 129
2279 990
2280 105
2281 544
2282 787
2283 745
2284 924
2285 601
2286 395
2287 27
2288 452
2289 445
2290 686
2291 766
2292 144
2293 314
2294 138
2295 362
2296 656
2297 431
2298 231
2299 43
2300 389
2301 901
2302 21
2303 680
2304 312
2305 582
2306 172
2307 888
2308 810
2309 552
2310 98
2311 962
2312 531
2313 158
2314 318
2315 993
2316 799
2317 20
2318 492
2319 258
2320 10
2321 956
2322 626
2323 572
2324 188
2325 58
2326 71
2327 595
2328 504
2329 168
2330 347
2331 289
2332 966
2333 351
2334 546
2335 482
2336 969
2337 867
2338 746
2339 434
2340 482
2341 281
2342 395
2343 277
2344 931
2345 23
2346 534
2347 250
2348 160
2349 48
2350 734
2351 637
2352 335
2353 764
2354 667
2355 264
2356 928
2357 8
2358 638
2359 733
2360 216
2361 270
2362 607
2363 899
2364 856
2365 476
2366 138
2367 890
2368 202
2369 569
2370 840
2371 44
2372 443
2373 370
2374 745
2375 218
2376 316
2377 80
2378 199
2379 473
2380 362
2381 163
2382 509
2383 799
2384 46
2385 855
2386 367
2387 822
2388 687
2389 321
2390 668
2391 539
2392 675
2393 990
2394 341
2395 435
2396 893
2397 216
2398 417
2399 220
2400 336
2401 534
2402 793
2403 539
2404 633
2405 23
2406 679
2407 335
2408 386
2409 107
2410 236
2411 304
2412 331
2413 886
2414 934
2415 133
2416 588
2417 234
2418 224
2419 546
2420 285
2421 743
2422 83
2423 794
2424 566
2425 954
2426 603
2427 735
2428 42
2429 240
2430 724
2431 907
2432 46
2433 341
2434 683
2435 33
2436 872
2437 981
2438 625
2439 933
2440 914
2441 29
2442 738
2443 813
2444 734
2445 935
2446 972
2447 387
2448 980
2449 961
2450 83
2451 688
2452 462
2453 553
2454 209
2455 830
2456 796
2457 391
2458 507
2459 946
2460 123
2461 351
2462 406
2463 564
2464 409
2465 17
2466 952
2467 748
2468 852
2469 191
2470 812
2471 771
2472 480
2473 802
2474 637
2475 707
2476 607
2477 113
2478 107
2479 340
2480 970
2481 536
2482 451
2483 364
2484 374
2485 297
2486 81
2487 594
2488 426
2489 145
2490 617
2491 792
2492 141
2493 745
2494 516
2495 954
2496 204
2497 191
2498 893
2499 839
2500 481
2501 721
2502 978
2503 291
2504 879
2505 190
2506 960
2507 94
2508 898
2509 25
2510 816
2511 773
2512 779
2513 26
2514 6
2515 475
2516 465
2517 507
2518 72
2519 811
2520 940
2521 364
2522 251
2523 517
2524 258
2525 107
2526 568
2527 235
2528 316
2529 308
2530 150
2531 262
2532 683
2533 32
2534 425
2535 762
2536 772
2537 533
2538 49
2539 778
2540 923
2541 74
2542 773
2543 258
2544 483
2545 893
2546 198
2547 663
2548 891
2549 867
2550 56
2551 317
2552 612
2553 164
2554 875
2555 813
2556 784
2557 200
2558 8
2559 464
2560 741
2561 506
2562 535
2563 829
2564 126
2565 543
2566 349
2567 667
2568 282
2569 403
2570 538
2571 804
2572 446
2573 225
2574 273
2575 726
2576 989
2577 204
2578 920
2579 638
2580 248
2581 294
2582 191
2583 435
2584 689
2585 260
2586 78
2587 261
2588 97
2589 893
2590 679
2591 440
2592 858
2593 694
2594 347
2595 297
2596 478
2597 691
2598 272
2599 643
2600 502
2601 435
2602 64
2603 126
2604 855
2605 977
2606 725
2607 678
2608 62
2609 250
2610 864
2611 659
2612 980
2613 824
2614 233
2615 106
2616 541
2617 98
2618 872
2619 567
2620 642
2621 677
2622 522
2623 37
2624 87
2625 692
2626 415
2627 772
2628 295
2629 983
2630 64
2631 614
2632 411
2633 331
2634 383
2635 942
2636 369
2637 878
2638 783
2639 221
2640 177
2641 501
2642 881
2643 554
2644 795
2645 60
2646 984
2647 422
2648 692
2649 721
2650 381
2651 561
2652 400
2653 789
2654 756
2655 876
2656 625
2657 624
2658 751
2659 436
2660 253
2661 176
2662 753
2663 527
2664 222
2665 101
2666 378
2667 791
2668 459
2669 845
2670 617
2671 120
2672 483
2673 359
2674 393
2675 608
2676 465
2677 542
2678 658
2679 730
2680 884
2681 716
2682 864
2683 278
2684 646
2685 952
2686 641
2687 961
2688 620
2689 677
2690 759
2691 356
2692 196
2693 409
2694 221
2695 643
2696 154
2697 951
2698 151
2699 501
2700 710
2701 353
2702 394
2703 11
2704 591
2705 501
2706 202
2707 567
2708 43
2709 802
2710 938
2711 147
2712 534
2713 328
2714 254
2715 674
2716 263
2717 482
2718 245
2719 119
2720 147
2721 1
2722 114
2723 728
2724 993
2725 870
2726 58
2727 14
2728 804
2729 403
2730 624
2731 188
2732 79
2733 806
2734 251
2735 514
2736 122
2737 427
2738 249
2739 117
2740 291
2741 862
2742 253
2743 284
2744 656
2745 754
2746 899
2747 209
2748 513
2749 72
2750 157
2751 587
2752 962
2753 135
2754 902
2755 268
2756 38
2757 996
2758 283
2759 628
2760 55
2761 598
2762 65
2763 281
2764 650
2765 481
2766 258
2767 48
2768 80
2769 237
2770 938
2771 933
2772 238
2773 411
2774 173
2775 34
2776 222
2777 716
2778 411
2779 760
2780 702
2781 469
2782 131
2783 688
2784 831
2785 522
2786 421
2787 508
2788 384
2789 622
2790 524
2791 632
2792 952
2793 412
2794 832
2795 782
2796 251
2797 462
2798 42
2799 10
2800 684
2801 623
2802 824
2803 794
2804 168
2805 567
2806 416
2807 569
2808 459
2809 355
2810 778
2811 570
2812 444
2813 246
2814 278
2815 139
2816 683
2817 800
2818 196
2819 709
2820 107
2821 24
2822 538
2823 574
2824 395
2825 521
2826 840
2827 193
2828 398
2829 39
2830 391
2831 707
2832 626
2833 733
2834 752
2835 691
2836 46
2837 829
2838 42
2839 805
2840 532
2841 451
2842 819
2843 658
2844 150
2845 110
2846 7
2847 728
2848 821
2849 683
2850 358
2851 378
2852 948
2853 23
2854 304
2855 132
2856 627
2857 697
2858 980
2859 501
2860 687
2861 459
2862 830
2863 192
2864 191
2865 955
2866 646
2867 569
2868 954
2869 610
2870 253
2871 673
2872 628
2873 776
2874 259
2875 30
2876 775
2877 769
2878 804
2879 154
2880 718
2881 760
2882 177
2883 942
2884 709
2885 567
2886 634
2887 444
2888 308
2889 808
2890 433
2891 422
2892 867
2893 419
2894 106
2895 853
2896 799
2897 869
2898 286
2899 729
2900 265
2901 209
2902 215
2903 506
2904 728
2905 613
2906 550
2907 41
2908 621
2909 356
2910 592
2911 543
2912 637
2913 51
2914 479
2915 791
2916 595
2917 82
2918 892
2919 994
2920 379
2921 178
2922 979
2923 528
2924 412
2925 629
2926 415
2927 661
2928 245
2929 710
2930 964
2931 328
2932 416
2933 62
2934 299
2935 579
2936 3
2937 408
2938 904
2939 455
2940 491
2941 738
2942 215
2943 168
2944 947
2945 360
2946 941
2947 169
2948 883
2949 255
2950 99
2951 43
2952 692
2953 170
2954 93
2955 327
2956 319
2957 581
2958 537
2959 182
2960 349
2961 580
2962 843
2963 648
2964 169
2965 142
2966 869
2967 881
2968 322
2969 748
2970 484
2971 773
2972 333
2973 280
2974 630
2975 452
2976 447
2977 451
2978 495
2979 270
2980 879
2981 271
2982 922
2983 307
2984 10
2985 782
2986 44
2987 655
2988 512
2989 445
2990 301
2991 473
2992 372
2993 641
2994 776
2995 7
2996 730
2997 572
2998 274
2999 872
3000 552
3001 956
3002 343
3003 837
3004 463
3005 969
3006 208
3007 981
3008 91
3009 16
3010 840
3011 67
3012 109
3013 848
3014 758
3015 486
3016 906
3017 288
3018 533
3019 893
3020 172
3021 604
3022 310
3023 757
3024 246
3025 306
3026 471
3027 776
3028 101
3029 749
3030 541
3031 524
3032 266
3033 781
3034 981
3035 477
3036 397
3037 977
3038 641
3039 744
3040 123
3041 707
3042 22
3043 165
3044 783
3045 726
3046 865
3047 743
3048 79
3049 478
3050 569
3051 492
3052 157
3053 571
3054 704
3055 492
3056 574
3057 988
3058 244
3059 759
3060 184
3061 84
3062 634
3063 760
3064 76
3065 284
3066 2
3067 608
3068 82
3069 365
3070 365
3071 520
3072 812
3073 183
3074 331
3075 143
3076 203
3077 883
3078 425
3079 739
3080 38
3081 770
3082 959
3083 512
3084 873
3085 816
3086 536
3087 642
3088 801
3089 369
3090 938
3091 321
3092 229
3093 734
3094 190
3095 120
3096 649
3097 987
3098 226
3099 778
3100 500
3101 272
3102 289
3103 762
3104 801
3105 298
3106 292
3107 933
3108 147
3109 526
3110 705
3111 206
3112 330
3113 921
3114 962
3115 637
3116 818
3117 551
3118 769
3119 413
3120 850
3121 246
3122 839
3123 808
3124 386
3125 174
3126 796
3127 418
3128 893
3129 415
3130 952
3131 991
3132 678
3133 15
3134 576
3135 578
3136 791
3137 758
3138 196
3139 683
3140 845
3141 656
3142 446
3143 371
3144 896
3145 375
3146 317
3147 143
3148 230
3149 59
3150 247
3151 391
3152 118
3153 535
3154 637
3155 266
3156 730
3157 944
3158 472
3159 432
3160 357
3161 188
3162 553
3163 691
3164 244
3165 797
3166 254
3167 739
3168 58
3169 633
3170 721
3171 189
3172 524
3173 255
3174 114
3175 743
3176 379
3177 144
3178 341
3179 178
3180 463
3181 240
3182 398
3183 533
3184 104
3185 903
3186 337
3187 498
3188 256
3189 945
3190 214
3191 135
3192 21
3193 262
3194 345
3195 547
3196 266
3197 198
3198 416
3199 202
3200 597
3201 573
3202 925
3203 335
3204 947
3205 695
3206 619
3207 629
3208 744
3209 744
3210 142
3211 331
3212 707
3213 802
3214 35
3215 18
3216 397
3217 924
3218 678
3219 532
3220 306
3221 252
3222 683
3223 714
3224 544
3225 137
3226 380
3227 689
3228 292
3229 519
3230 184
3231 299
3232 645
3233 231
3234 501
3235 750
3236 888
3237 514
3238 949
3239 667
3240 666
3241 787
3242 203
3243 933
3244 900
3245 558
3246 705
3247 299
3248 720
3249 737
3250 442
3251 676
3252 651
3253 485
3254 842
3255 422
3256 851
3257 745
3258 93
3259 51
3260 143
3261 547
3262 149
3263 609
3264 285
3265 803
3266 701
3267 596
3268 822
3269 383
3270 506
3271 195
3272 118
3273 501
3274 34
3275 243
3276 928
3277 480
3278 196
3279 316
3280 262
3281 49
3282 327
3283 214
3284 550
3285 641
3286 263
3287 167
3288 873
3289 249
3290 409
3291 916
3292 69
3293 943
3294 392
3295 521
3296 786
3297 413
3298 48
3299 511
3300 969
3301 767
3302 248
3303 881
3304 23
3305 609
3306 645
3307 355
3308 906
3309 803
3310 665
3311 960
3312 419
3313 130
3314 898
3315 862
3316 529
3317 588
3318 270
3319 392
3320 686
3321 343
3322 996
3323 456
3324 627
3325 230
3326 639
3327 343
3328 855
3329 161
3330 308
3331 154
3332 556
3333 792
3334 586
3335 250
3336 682
3337 213
3338 985
3339 753
3340 557
3341 483
3342 546
3343 244
3344 242
3345 654
3346 919
3347 457
3348 991
3349 912
3350 452
3351 886
3352 104
3353 509
3354 978
3355 483
3356 605
3357 220
3358 517
3359 510
3360 792
3361 419
3362 659
3363 369
3364 77
3365 806
3366 908
3367 642
3368 339
3369 547
3370 201
3371 831
3372 687
3373 869
3374 630
3375 883
3376 767
3377 786
3378 697
3379 458
3380 516
3381 435
3382 12
3383 45
3384 952
3385 153
3386 671
3387 650
3388 551
3389 286
3390 766
3391 475
3392 563
3393 663
3394 946
3395 553
3396 711
3397 484
3398 979
3399 5
3400 925
3401 504
3402 971
3403 2
3404 923
3405 964
3406 150
3407 123
3408 511
3409 763
3410 821
3411 221
3412 572
3413 593
3414 378
3415 840
3416 165
3417 621
3418 142
3419 455
3420 950
3421 472
3422 214
3423 745
3424 593
3425 568
3426 485
3427 572
3428 910
3429 886
3430 266
3431 302
3432 708
3433 105
3434 545
3435 647
3436 76
3437 148
3438 568
3439 734
3440 622
3441 171
3442 256
3443 790
3444 19
3445 149
3446 227
3447 116
3448 904
3449 94
3450 964
3451 240
3452 348
3453 988
3454 866
3455 774
3456 961
3457 52
3458 367
3459 712
3460 926
3461 217
3462 837
3463 938
3464 597
3465 248
3466 512
3467 777
3468 312
3469 658
3470 903
3471 496
3472 311
3473 807
3474 123
3475 681
3476 636
3477 819
3478 890
3479 885
3480 912
3481 200
3482 141
3483 912
3484 894
3485 368
3486 589
3487 124
3488 5
3489 445
3490 365
3491 464
3492 963
3493 368
3494 777
3495 484
3496 276
3497 770
3498 444
3499 996
3500 986
3501 818
3502 103
3503 262
3504 295
3505 507
3506 557
3507 498
3508 133
3509 592
3510 827
3511 838
3512 367
3513 959
3514 765
3515 491
3516 416
3517 648
3518 676
3519 543
3520 625
3521 745
3522 755
3523 824
3524 385
3525 927
3526 593
3527 497
3528 68
3529 611
3530 89
3531 76
3532 590
3533 918
3534 84
3535 204
3536 105
3537 442
3538 177
3539 118
3540 769
3541 423
3542 706
3543 972
3544 81
3545 695
3546 368
3547 629
3548 207
3549 39
3550 649
3551 724
3552 546
3553 698
3554 685
3555 12
3556 212
3557 971
3558 833
3559 229
3560 802
3561 751
3562 746
3563 645
3564 720
3565 612
3566 579
3567 422
3568 225
3569 338
3570 746
3571 999
3572 644
3573 741
3574 324
3575 18
3576 915
3577 740
3578 481
3579 226
3580 165
3581 505
3582 242
3583 559
3584 779
3585 317
3586 39
3587 640
3588 656
3589 263
3590 117
3591 763
3592 697
3593 609
3594 468
3595 308
3596 556
3597 304
3598 823
3599 367
3600 877
3601 206
3602 701
3603 603
3604 715
3605 989
3606 540
3607 750
3608 169
3609 698
3610 5
3611 503
3612 480
3613 67
3614 26
3615 788
3616 945
3617 990
3618 324
3619 784
3620 537
3621 296
3622 378
3623 120
3624 790
3625 807
3626 107
3627 355
3628 198
3629 645
3630 164
3631 164
3632 438
3633 1
3634 502
3635 453
3636 880
3637 371
3638 758
3639 274
3640 438
3641 444
3642 80
3643 55
3644 426
3645 712
3646 750
3647 86
3648 848
3649 793
3650 409
3651 137
3652 627
3653 33
3654 91
3655 784
3656 12
3657 36
3658 707
3659 560
3660 34
3661 143
3662 471
3663 337
3664 819
3665 857
3666 912
3667 193
3668 336
3669 60
3670 367
3671 74
3672 502
3673 96
3674 469
3675 349
3676 945
3677 925
3678 849
3679 954
3680 611
3681 978
3682 338
3683 838
3684 634
3685 199
3686 84
3687 662
3688 824
3689 107
3690 96
3691 22
3692 148
3693 651
3694 147
3695 489
3696 869
3697 64
3698 456
3699 996
3700 351
3701 955
3702 426
3703 227
3704 494
3705 360
3706 394
3707 631
3708 559
3709 989
3710 847
3711 987
3712 199
3713 493
3714 995
3715 90
3716 114
3717 565
3718 801
3719 360
3720 965
3721 241
3722 301
3723 449
3724 168
3725 244
3726 836
3727 153
3728 339
3729 451
3730 395
3731 904
3732 713
3733 373
3734 667
3735 305
3736 114
3737 561
3738 225
3739 968
3740 442
3741 500
3742 636
3743 7
3744 423
3745 86
3746 440
3747 275
3748 24
3749 135
3750 199
3751 639
3752 816
3753 347
3754 799
3755 325
3756 858
3757 575
3758 623
3759 124
3760 407
3761 214
3762 634
3763 939
3764 490
3765 117
3766 630
3767 976
3768 53
3769 640
3770 983
3771 765
3772 692
3773 895
3774 701
3775 511
3776 223
3777 496
3778 204
3779 565
3780 734
3781 682
3782 633
3783 794
3784 172
3785 131
3786 954
3787 918
3788 982
3789 391
3790 438
3791 319
3792 37
3793 621
3794 52
3795 432
3796 279
3797 944
3798 928
3799 531
3800 115
3801 823
3802 696
3803 712
3804 59
3805 649
3806 756
3807 346
3808 28
3809 9
3810 148
3811 666
3812 969
3813 121
3814 196
3815 555
3816 222
3817 318
3818 458
3819 937
3820 784
3821 104
3822 503
3823 582
3824 98
3825 636
3826 508
3827 474
3828 650
3829 352
3830 236
3831 759
3832 378
3833 387
3834 559
3835 911
3836 410
3837 494
3838 152
3839 338
3840 554
3841 723
3842 980
3843 903
3844 277
3845 592
3846 930
3847 262
3848 698
3849 824
3850 962
3851 968
3852 388
3853 823
3854 326
3855 788
3856 889
3857 415
3858 917
3859 544
3860 384
3861 772
3862 710
3863 391
3864 859
3865 680
3866 258
3867 20
3868 924
3869 251
3870 682
3871 260
3872 460
3873 963
3874 447
3875 73
3876 479
3877 492
3878 145
3879 225
3880 523
3881 557
3882 247
3883 105
3884 238
3885 375
3886 789
3887 127
3888 903
3889 18
3890 612
3891 995
3892 421
3893 717
3894 243
3895 953
3896 533
3897 826
3898 435
3899 989
3900 55
3901 268
3902 592
3903 539
3904 23
3905 166
3906 971
3907 747
3908 113
3909 337
3910 772
3911 38
3912 581
3913 177
3914 749
3915 575
3916 387
3917 148
3918 42
3919 856
3920 288
3921 49
3922 165
3923 680
3924 374
3925 401
3926 974
3927 182
3928 489
3929 100
3930 735
3931 165
3932 78
3933 940
3934 325
3935 812
3936 198
3937 310
3938 466
3939 945
3940 344
3941 746
3942 896
3943 41
3944 149
3945 199
3946 920
3947 38
3948 117
3949 571
3950 288
3951 654
3952 191
3953 399
3954 907
3955 732
3956 517
3957 316
3958 515
3959 861
3960 446
3961 100
3962 121
3963 521
3964 653
3965 543
3966 293
3967 635
3968 350
3969 552
3970 553
3971 255
3972 385
3973 147
3974 255
3975 384
3976 279
3977 861
3978 836
3979 3
3980 249
3981 816
3982 268
3983 379
3984 105
3985 330
3986 100
3987 521
3988 808
3989 505
3990 614
3991 96
3992 814
3993 61
3994 751
3995 19
3996 735
3997 329
3998 581
3999 700
4000 723
4001 736
4002 956
4003 321
4004 558
4005 416
4006 159
4007 37
4008 550
4009 286
4010 636
4011 200
4012 356
4013 678
4014 528
4015 132
4016 553
4017 412
4018 90
4019 493
4020 153
4021 220
4022 180
4023 532
4024 645
4025 674
4026 843
4027 153
4028 34
4029 231
4030 56
4031 194
4032 279
4033 993
4034 230
4035 188
4036 237
4037 70
4038 852
4039 252
4040 127
4041 173
4042 141
4043 435
4044 784
4045 793
4046 370
4047 436
4048 611
4049 234
4050 698
4051 59
4052 822
4053 618
4054 616
4055 260
4056 848
4057 169
4058 162
4059 213
4060 577
4061 813
4062 378
4063 905
4064 697
4065 705
4066 93
4067 250
4068 232
4069 449
4070 976
4071 26
4072 589
4073 199
4074 19
4075 630
4076 298
4077 382
4078 950
4079 952
4080 533
4081 545
4082 72
4083 127
4084 457
4085 430
4086 238
4087 837
4088 90
4089 716
4090 664
4091 29
4092 880
4093 494
4094 175
4095 63
4096 443
4097 827
4098 779
4099 417
4100 541
4101 211
4102 513
4103 3
4104 253
4105 529
4106 130
4107 167
4108 47
4109 864
4110 870
4111 76
4112 960
4113 395
4114 119
4115 990
4116 528
4117 140
4118 523
4119 339
4120 104
4121 976
4122 880
4123 436
4124 651
4125 430
4126 988
4127 382
4128 993
4129 58
4130 837
4131 524
4132 598
4133 659
4134 626
4135 795
4136 730
4137 797
4138 701
4139 713
4140 217
4141 411
4142 232
4143 307
4144 970
4145 965
4146 60
4147 842
4148 733
4149 913
4150 729
4151 945
4152 86
4153 153
4154 584
4155 790
4156 726
4157 185
4158 452
4159 682
4160 968
4161 140
4162 822
4163 71
4164 593
4165 826
4166 40
4167 629
4168 569
4169 744
4170 697
4171 825
4172 486
4173 428
4174 463
4175 210
4176 335
4177 611
4178 19
4179 665
4180 142
4181 304
4182 654
4183 213
4184 255
4185 779
4186 130
4187 471
4188 725
4189 781
4190 67
4191 585
4192 108
4193 987
4194 908
4195 806
4196 993
4197 406
4198 862
4199 766
4200 77
4201 726
4202 778
4203 321
4204 504
4205 910
4206 72
4207 253
4208 499
4209 608
4210 976
4211 86
4212 342
4213 150
4214 166
4215 336
4216 343
4217 642
4218 787
4219 764
4220 532
4221 811
4222 742
4223 957
4224 168
4225 437
4226 857
4227 222
4228 369
4229 35
4230 583
4231 298
4232 803
4233 819
4234 972
4235 615
4236 477
4237 30
4238 309
4239 71
4240 960
4241 810
4242 295
4243 957
4244 264
4245 350
4246 755
4247 49
4248 355
4249 810
4250 95
4251 264
4252 367
4253 17
4254 439
4255 35
4256 953
4257 164
4258 266
4259 657
4260 383
4261 52
4262 698
4263 12
4264 918
4265 323
4266 363
4267 461
4268 423
4269 655
4270 628
4271 317
4272 5
4273 772
4274 243
4275 98
4276 434
4277 589
4278 635
4279 154
4280 959
4281 855
4282 857
4283 902
4284 810
4285 90
4286 789
4287 278
4288 378
4289 637
4290 299
4291 613
4292 638
4293 445
4294 728
4295 49
4296 19
4297 929
4298 546
4299 721
4300 236
4301 37
4302 881
4303 339
4304 964
4305 385
4306 162
4307 329
4308 831
4309 670
4310 145
4311 399
4312 982
4313 396
4314 54
4315 132
4316 529
4317 283
4318 849
4319 915
4320 151
4321 892
4322 264
4323 781
4324 530
4325 450
4326 471
4327 100
4328 941
4329 755
4330 214
4331 838
4332 775
4333 901
4334 478
4335 740
4336 769
4337 671
4338 789
4339 206
4340 67
4341 773
4342 2
4343 934
4344 709
4345 567
4346 906
4347 333
4348 665
4349 87
4350 193
4351 333
4352 62
4353 213
4354 276
4355 413
4356 206
4357 40
4358 762
4359 218
4360 177
4361 91
4362 691
4363 88
4364 291
4365 882
4366 129
4367 773
4368 969
4369 680
4370 427
4371 638
4372 513
4373 751
4374 25
4375 505
4376 223
4377 498
4378 801
4379 14
4380 748
4381 882
4382 384
4383 162
4384 304
4385 60
4386 4
4387 521
4388 688
4389 475
4390 102
4391 575
4392 715
4393 855
4394 469
4395 84
4396 118
4397 73
4398 941
4399 850
4400 48
4401 729
4402 15
4403 316
4404 407
4405 215
4406 130
4407 540
4408 849
4409 11
4410 615
4411 177
4412 799
4413 249
4414 882
4415 900
4416 884
4417 772
4418 260
4419 173
4420 747
4421 630
4422 101
4423 311
4424 422
4425 977
4426 415
4427 340
4428 163
4429 621
4430 158
4431 462
4432 137
4433 447
4434 452
4435 676
4436 256
4437 146
4438 913
4439 565
4440 342
4441 284
4442 951
4443 260
4444 550
4445 599
4446 291
4447 591
4448 107
4449 411
4450 320
4451 398
4452 243
4453 797
4454 381
4455 685
4456 966
4457 622
4458 151
4459 734
4460 22
4461 139
4462 153
4463 590
4464 272
4465 444
4466 263
4467 322
4468 560
4469 403
4470 315
4471 662
4472 883
4473 602
4474 534
4475 273
4476 86
4477 65
4478 440
4479 177
4480 636
4481 315
4482 387
4483 54
4484 516
4485 557
4486 218
4487 486
4488 169
4489 106
4490 559
4491 37
4492 658
4493 406
4494 161
4495 686
4496 578
4497 157
4498 484
4499 682
4500 147
4501 702
4502 187
4503 163
4504 707
4505 785
4506 648
4507 590
4508 481
4509 226
4510 284
4511 459
4512 496
4513 26
4514 898
4515 907
4516 586
4517 825
4518 358
4519 333
4520 592
4521 993
4522 428
4523 44
4524 997
4525 826
4526 514
4527 257
4528 923
4529 550
4530 263
4531 720
4532 173
4533 200
4534 981
4535 682
4536 947
4537 469
4538 953
4539 878
4540 340
4541 575
4542 868
4543 52
4544 134
4545 346
4546 801
4547 312
4548 465
4549 325
4550 999
4551 719
4552 921
4553 839
4554 617
4555 10
4556 730
4557 756
4558 25
4559 988
4560 222
4561 394
4562 555
4563 881
4564 18
4565 596
4566 821
4567 772
4568 815
4569 706
4570 533
4571 365
4572 740
4573 171
4574 586
4575 470
4576 240
4577 824
4578 788
4579 49
4580 277
4581 718
4582 744
4583 576
4584 520
4585 816
4586 484
4587 440
4588 333
4589 767
4590 401
4591 554
4592 144
4593 471
4594 125
4595 255
4596 622
4597 975
4598 640
4599 944
4600 938
4601 540
4602 23
4603 512
4604 67
4605 202
4606 324
4607 614
4608 266
4609 545
4610 207
4611 290
4612 378
4613 431
4614 853
4615 763
4616 184
4617 984
4618 775
4619 611
4620 650
4621 671
4622 686
4623 104
4624 996
4625 584
4626 937
4627 760
4628 661
4629 92
4630 217
4631 944
4632 744
4633 903
4634 380
4635 529
4636 974
4637 513
4638 893
4639 456
4640 905
4641 111
4642 757
4643 896
4644 692
4645 741
4646 587
4647 917
4648 78
4649 443
4650 7
4651 448
4652 501
4653 593
4654 620
4655 322
4656 551
4657 496
4658 963
4659 647
4660 387
4661 527
4662 764
4663 393
4664 182
4665 654
4666 504
4667 422
4668 466
4669 851
4670 770
4671 999
4672 121
4673 111
4674 739
4675 493
4676 159
4677 275
4678 485
4679 18
4680 749
4681 372
4682 791
4683 466
4684 986
4685 616
4686 616
4687 324
4688 332
4689 149
4690 215
4691 80
4692 140
4693 397
4694 174
4695 991
4696 416
4697 719
4698 190
4699 298
4700 449
4701 676
4702 766
4703 560
4704 981
4705 956
4706 917
4707 647
4708 471
4709 158
4710 95
4711 814
4712 90
4713 177
4714 997
4715 380
4716 165
4717 609
4718 412
4719 545
4720 616
4721 921
4722 712
4723 176
4724 580
4725 281
4726 162
4727 477
4728 41
4729 532
4730 308
4731 369
4732 593
4733 97
4734 885
4735 262
4736 505
4737 316
4738 343
4739 401
4740 496
4741 57
4742 582
4743 188
4744 432
4745 940
4746 915
4747 836
4748 954
4749 863
4750 351
4751 886
4752 62
4753 937
4754 563
4755 33
4756 536
4757 600
4758 372
4759 760
4760 517
4761 883
4762 708
4763 871
4764 364
4765 662
4766 707
4767 94
4768 610
4769 922
4770 205
4771 671
4772 526
4773 464
4774 780
4775 144
4776 772
4777 98
4778 614
4779 390
4780 821
4781 247
4782 674
4783 310
4784 891
4785 233
4786 924
4787 417
4788 682
4789 909
4790 728
4791 851
4792 993
4793 302
4794 123
4795 616
4796 896
4797 517
4798 421
4799 108
4800 604
4801 914
4802 762
4803 605
4804 622
4805 808
4806 7
4807 216
4808 242
4809 128
4810 242
4811 316
4812 218
4813 300
4814 43
4815 111
4816 802
4817 37
4818 943
4819 75
4820 431
4821 52
4822 339
4823 676
4824 233
4825 722
4826 685
4827 760
4828 736
4829 597
4830 621
4831 548
4832 298
4833 911
4834 883
4835 383
4836 370
4837 404
4838 571
4839 950
4840 300
4841 336
4842 867
4843 28
4844 757
4845 434
4846 429
4847 458
4848 736
4849 785
4850 63
4851 762
4852 947
4853 530
4854 56
4855 164
4856 232
4857 699
4858 837
4859 76
4860 607
4861 55
4862 114
4863 641
4864 617
4865 270
4866 796
4867 210
4868 799
4869 928
4870 74
4871 62
4872 289
4873 487
4874 212
4875 960
4876 418
4877 246
4878 628
4879 734
4880 377
4881 433
4882 666
4883 557
4884 131
4885 722
4886 699
4887 450
4888 347
4889 237
4890 817
4891 215
4892 59
4893 145
4894 181
4895 616
4896 116
4897 124
4898 905
4899 873
4900 354
4901 673
4902 666
4903 78
4904 883
4905 657
4906 339
4907 70
4908 798
4909 467
4910 45
4911 493
4912 904
4913 913
4914 826
4915 629
4916 321
4917 217
4918 305
4919 584
4920 757
4921 716
4922 227
4923 885
4924 343
4925 879
4926 156
4927 620
4928 944
4929 899
4930 765
4931 199
4932 317
4933 339
4934 558
4935 928
4936 22
4937 497
4938 682
4939 449
4940 851
4941 142
4942 499
4943 804
4944 321
4945 645
4946 3
4947 439
4948 26
4949 514
4950 260
4951 947
4952 147
4953 196
4954 888
4955 74
4956 255
4957 883
4958 106
4959 34
4960 528
4961 976
4962 477
4963 842
4964 765
4965 761
4966 475
4967 688
4968 95
4969 269
4970 997
4971 957
4972 622
4973 442
4974 658
4975 870
4976 849
4977 320
4978 907
4979 856
4980 315
4981 73
4982 875
4983 702
4984 256
4985 920
4986 315
4987 74
4988 22
4989 164
4990 227
4991 574
4992 1
4993 767
4994 941
4995 198
4996 743
4997 135
4998 740
4999 36
5000 426
5001 168
5002 298
5003 158
5004 60
5005 483
5006 438
5007 488
5008 484
5009 912
5010 228
5011 394
5012 286
5013 387
5014 903
5015 367
5016 57
5017 918
5018 234
5019 721
5020 450
5021 179
5022 652
5023 787
5024 182
5025 636
5026 361
5027 413
5028 541
5029 937
5030 461
5031 726
5032 242
5033 645
5034 395
5035 793
5036 279
5037 414
5038 28
5039 30
5040 85
5041 783
5042 204
5043 331
5044 801
5045 803
5046 622
5047 647
5048 618
5049 744
5050 831
5051 916
5052 54
5053 830
5054 200
5055 342
5056 172
5057 299
5058 189
5059 716
5060 741
5061 212
5062 650
5063 498
5064 76
5065 562
5066 157
5067 88
5068 452
5069 390
5070 527
5071 555
5072 705
5073 954
5074 804
5075 934
5076 46
5077 206
5078 323
5079 933
5080 661
5081 252
5082 415
5083 117
5084 566
5085 689
5086 363
5087 115
5088 151
5089 712
5090 500
5091 296
5092 297
5093 164
5094 440
5095 358
5096 107
5097 737
5098 4
5099 609
5100 848
5101 360
5102 83
5103 508
5104 19
5105 949
5106 699
5107 567
5108 11
5109 375
5110 946
5111 755
5112 985
5113 924
5114 742
5115 474
5116 966
5117 206
5118 233
5119 662
5120 618
5121 270
5122 867
5123 500
5124 207
5125 507
5126 881
5127 923
5128 700
5129 871
5130 244
5131 407
5132 309
5133 311
5134 605
5135 301
5136 592
5137 685
5138 196
5139 563
5140 978
5141 331
5142 911
5143 254
5144 160
5145 645
5146 391
5147 574
5148 106
5149 876
5150 791
5151 842
5152 953
5153 371
5154 902
5155 771
5156 809
5157 904
5158 900
5159 216
5160 842
5161 328
5162 352
5163 838
5164 664
5165 399
5166 600
5167 554
5168 187
5169 924
5170 194
5171 964
5172 153
5173 61
5174 423
5175 561
5176 502
5177 499
5178 944
5179 773
5180 174
5181 828
5182 64
5183 827
5184 177
5185 929
5186 705
5187 484
5188 613
5189 148
5190 66
5191 47
5192 522
5193 233
5194 910
5195 554
5196 982
5197 821
5198 888
5199 150
5200 673
5201 847
5202 938
5203 208
5204 898
5205 993
5206 213
5207 241
5208 976
5209 130
5210 427
5211 556
5212 382
5213 924
5214 776
5215 615
5216 566
5217 150
5218 743
5219 928
5220 518
5221 557
5222 937
5223 957
5224 543
5225 780
5226 664
5227 48
5228 162
5229 636
5230 977
5231 245
5232 509
5233 945
5234 368
5235 42
5236 995
5237 332
5238 589
5239 946
5240 842
5241 542
5242 157
5243 469
5244 86
5245 40
5246 980
5247 864
5248 467
5249 308
5250 117
5251 372
5252 855
5253 407
5254 860
5255 814
5256 406
5257 861
5258 546
5259 18
5260 319
5261 801
5262 72
5263 221
5264 348
5265 88
5266 568
5267 254
5268 919
5269 713
5270 36
5271 183
5272 927
5273 571
5274 145
5275 38
5276 74
5277 379
5278 878
5279 354
5280 676
5281 840
5282 367
5283 869
5284 534
5285 805
5286 639
5287 733
5288 610
5289 498
5290 282
5291 702
5292 563
5293 559
5294 688
5295 752
5296 753
5297 95
5298 925
5299 288
5300 545
5301 908
5302 229
5303 245
5304 68
5305 333
5306 901
5307 602
5308 990
5309 857
5310 821
5311 955
5312 366
5313 334
5314 313
5315 773
5316 886
5317 731
5318 135
5319 239
5320 152
5321 750
5322 242
5323 615
5324 744
5325 115
5326 717
5327 586
5328 273
5329 593
5330 220
5331 556
5332 175
5333 146
5334 436
5335 248
5336 116
5337 288
5338 203
5339 132
5340 574
5341 991
5342 594
5343 669
5344 869
5345 586
5346 31
5347 778
5348 26
5349 509
5350 198
5351 927
5352 203
5353 564
5354 488
5355 313
5356 364
5357 647
5358 876
5359 921
5360 559
5361 92
5362 945
5363 510
5364 516
5365 943
5366 390
5367 331
5368 988
5369 151
5370 216
5371 387
5372 446
5373 856
5374 187
5375 140
5376 68
5377 856
5378 732
5379 895
5380 680
5381 280
5382 955
5383 722
5384 928
5385 626
5386 518
5387 272
5388 210
5389 146
5390 119
5391 127
5392 24
5393 218
5394 736
5395 835
5396 156
5397 85
5398 893
5399 731
5400 519
5401 312
5402 224
5403 216
5404 186
5405 424
5406 259
5407 830
5408 240
5409 540
5410 205
5411 8
5412 347
5413 536
5414 175
5415 748
5416 779
5417 322
5418 392
5419 320
5420 37
5421 413
5422 685
5423 952
5424 136
5425 880
5426 796
5427 918
5428 883
5429 243
5430 199
5431 196
5432 306
5433 389
5434 759
5435 736
5436 535
5437 100
5438 614
5439 869
5440 204
5441 634
5442 974
5443 914
5444 343
5445 24
5446 888
5447 625
5448 743
5449 474
5450 972
5451 950
5452 339
5453 118
5454 39
5455 609
5456 362
5457 650
5458 379
5459 331
5460 957
5461 370
5462 880
5463 681
5464 56
5465 947
5466 944
5467 136
5468 127
5469 687
5470 88
5471 309
5472 277
5473 429
5474 963
5475 559
5476 888
5477 532
5478 729
5479 492
5480 665
5481 180
5482 580
5483 180
5484 743
5485 721
5486 331
5487 278
5488 106
5489 13
5490 311
5491 646
5492 413
5493 928
5494 650
5495 95
5496 334
5497 814
5498 696
5499 394
5500 183
5501 910
5502 550
5503 923
5504 126
5505 539
5506 175
5507 789
5508 306
5509 97
5510 342
5511 754
5512 700
5513 373
5514 29
5515 952
5516 669
5517 161
5518 228
5519 963
5520 182
5521 779
5522 821
5523 259
5524 377
5525 120
5526 507
5527 970
5528 407
5529 498
5530 619
5531 108
5532 660
5533 12
5534 259
5535 635
5536 188
5537 798
5538 752
5539 47
5540 89
5541 922
5542 707
5543 606
5544 68
5545 433
5546 123
5547 717
5548 912
5549 650
5550 606
5551 3
5552 679
5553 888
5554 872
5555 550
5556 460
5557 479
5558 998
5559 421
5560 80
5561 451
5562 629
5563 761
5564 888
5565 966
5566 820
5567 801
5568 339
5569 20
5570 352
5571 400
5572 201
5573 483
5574 573
5575 821
5576 942
5577 436
5578 818
5579 559
5580 262
5581 929
5582 389
5583 643
5584 83
5585 562
5586 38
5587 348
5588 762
5589 120
5590 976
5591 149
5592 148
5593 245
5594 401
5595 454
5596 624
5597 998
5598 419
5599 696
5600 310
5601 695
5602 899
5603 359
5604 766
5605 105
5606 111
5607 483
5608 646
5609 834
5610 509
5611 627
5612 322
5613 105
5614 830
5615 255
5616 318
5617 428
5618 177
5619 375
5620 311
5621 808
5622 316
5623 670
5624 80
5625 780
5626 717
5627 317
5628 809
5629 139
5630 310
5631 109
5632 769
5633 124
5634 895
5635 5
5636 940
5637 199
5638 790
5639 811
5640 735
5641 879
5642 441
5643 571
5644 16
5645 366
5646 588
5647 618
5648 907
5649 282
5650 766
5651 469
5652 159
5653 874
5654 934
5655 643
5656 856
5657 516
5658 219
5659 667
5660 45
5661 431
5662 352
5663 476
5664 257
5665 679
5666 622
5667 391
5668 703
5669 386
5670 652
5671 699
5672 166
5673 886
5674 426
5675 413
5676 372
5677 389
5678 715
5679 505
5680 143
5681 839
5682 329
5683 961
5684 510
5685 2
5686 714
5687 729
5688 607
5689 736
5690 368
5691 917
5692 426
5693 646
5694 966
5695 768
5696 322
5697 844
5698 150
5699 490
5700 411
5701 389
5702 927
5703 796
5704 638
5705 781
5706 332
5707 115
5708 210
5709 450
5710 272
5711 671
5712 533
5713 992
5714 517
5715 295
5716 801
5717 221
5718 565
5719 427
5720 953
5721 374
5722 623
5723 630
5724 74
5725 596
5726 203
5727 294
5728 511
5729 447
5730 1
5731 696
5732 692
5733 645
5734 338
5735 629
5736 252
5737 294
5738 458
5739 771
5740 814
5741 343
5742 958
5743 801
5744 18
5745 2
5746 184
5747 940
5748 330
5749 110
5750 777
5751 727
5752 435
5753 32
5754 894
5755 338
5756 755
5757 830
5758 411
5759 585
5760 268
5761 964
5762 787
5763 951
5764 678
5765 93
5766 986
5767 240
5768 59
5769 279
5770 50
5771 16
5772 988
5773 659
5774 969
5775 507
5776 185
5777 487
5778 620
5779 810
5780 974
5781 162
5782 68
5783 455
5784 697
5785 812
5786 199
5787 557
5788 831
5789 871
5790 722
5791 790
5792 742
5793 662
5794 458
5795 170
5796 653
5797 681
5798 210
5799 161
5800 392
5801 786
5802 158
5803 238
5804 264
5805 447
5806 574
5807 449
5808 479
5809 116
5810 678
5811 119
5812 913
5813 4
5814 258
5815 847
5816 822
5817 388
5818 671
5819 507
5820 828
5821 900
5822 597
5823 689
5824 737
5825 523
5826 800
5827 126
5828 558
5829 110
5830 982
5831 694
5832 847
5833 908
5834 403
5835 426
5836 678
5837 65
5838 375
5839 526
5840 352
5841 981
5842 409
5843 437
5844 679
5845 593
5846 518
5847 692
5848 607
5849 77
5850 586
5851 977
5852 636
5853 272
5854 670
5855 214
5856 224
5857 349
5858 618
5859 341
5860 907
5861 823
5862 154
5863 137
5864 635
5865 385
5866 860
5867 454
5868 163
5869 837
5870 962
5871 823
5872 55
5873 22
5874 883
5875 946
5876 629
5877 99
5878 740
5879 354
5880 95
5881 323
5882 323
5883 409
5884 733
5885 592
5886 68
5887 816
5888 816
5889 546
5890 756
5891 492
5892 697
5893 649
5894 699
5895 463
5896 128
5897 917
5898 775
5899 16
5900 801
5901 869
5902 579
5903 511
5904 376
5905 251
5906 334
5907 433
5908 733
5909 121
5910 216
5911 893
5912 459
5913 930
5914 63
5915 561
5916 98
5917 807
5918 128
5919 524
5920 684
5921 252
5922 258
5923 528
5924 61
5925 742
5926 820
5927 643
5928 235
5929 652
5930 526
5931 339
5932 349
5933 471
5934 68
5935 339
5936 960
5937 560
5938 271
5939 535
5940 36
5941 340
5942 750
5943 472
5944 862
5945 622
5946 59
5947 604
5948 975
5949 969
5950 728
5951 677
5952 329
5953 328
5954 911
5955 884
5956 569
5957 69
5958 577
5959 530
5960 375
5961 378
5962 126
5963 787
5964 915
5965 15
5966 83
5967 767
5968 91
5969 736
5970 378
5971 430
5972 543
5973 162
5974 787
5975 48
5976 653
5977 795
5978 992
5979 278
5980 391
5981 907
5982 831
5983 392
5984 778
5985 106
5986 632
5987 956
5988 810
5989 888
5990 790
5991 223
5992 826
5993 187
5994 787
5995 828
5996 255
5997 328
5998 971
5999 167
6000 892
6001 65
6002 483
6003 780
6004 64
6005 743
6006 194
6007 344
6008 371
6009 484
6010 269
6011 603
6012 632
6013 672
6014 281
6015 425
6016 356
6017 991
6018 641
6019 356
6020 21
6021 539
6022 288
6023 104
6024 661
6025 786
6026 792
6027 490
6028 750
6029 550
6030 337
6031 150
6032 287
6033 317
6034 693
6035 707
6036 93
6037 638
6038 248
6039 925
6040 733
6041 655
6042 981
6043 343
6044 413
6045 253
6046 363
6047 707
6048 586
6049 768
6050 14
6051 440
6052 708
6053 122
6054 786
6055 647
6056 478
6057 397
6058 963
6059 226
6060 306
6061 446
6062 519
6063 888
6064 249
6065 610
6066 525
6067 377
6068 448
6069 907
6070 511
6071 739
6072 542
6073 575
6074 859
6075 511
6076 250
6077 541
6078 472
6079 27
6080 833
6081 884
6082 139
6083 381
6084 557
6085 122
6086 984
6087 312
6088 9
6089 294
6090 310
6091 150
6092 520
6093 363
6094 43
6095 915
6096 286
6097 130
6098 143
6099 969
6100 487
6101 243
6102 29
6103 813
6104 819
6105 863
6106 852
6107 550
6108 883
6109 732
6110 796
6111 877
6112 205
6113 662
6114 139
6115 917
6116 674
6117 687
6118 15
6119 49
6120 513
6121 475
6122 286
6123 820
6124 525
6125 2
6126 97
6127 41
6128 217
6129 674
6130 775
6131 359
6132 788
6133 385
6134 470
6135 424
6136 911
6137 756
6138 204
6139 631
6140 468
6141 983
6142 699
6143 724
6144 304
6145 434
6146 259
6147 542
6148 657
6149 500
6150 218
6151 628
6152 715
6153 430
6154 686
6155 367
6156 403
6157 182
6158 923
6159 223
6160 63
6161 870
6162 760
6163 976
6164 461
6165 265
6166 172
6167 120
6168 63
6169 266
6170 878
6171 448
6172 784
6173 441
6174 874
6175 509
6176 953
6177 787
6178 863
6179 419
6180 348
6181 957
6182 437
6183 413
6184 922
6185 636
6186 332
6187 299
6188 576
6189 772
6190 191
6191 192
6192 291
6193 506
6194 776
6195 230
6196 812
6197 312
6198 445
6199 161
6200 431
6201 798
6202 8
6203 173
6204 789
6205 479
6206 844
6207 932
6208 642
6209 311
6210 43
6211 792
6212 529
6213 878
6214 308
6215 33
6216 931
6217 209
6218 754
6219 716
6220 454
6221 966
6222 32
6223 329
6224 698
6225 490
6226 169
6227 607
6228 751
6229 146
6230 468
6231 54
6232 498
6233 250
6234 980
6235 96
6236 478
6237 412
6238 181
6239 301
6240 663
6241 992
6242 194
6243 17
6244 483
6245 932
6246 700
6247 948
6248 465
6249 273
6250 125
6251 247
6252 491
6253 675
6254 115
6255 710
6256 591
6257 266
6258 288
6259 142
6260 200
6261 361
6262 501
6263 139
6264 237
6265 395
6266 495
6267 142
6268 687
6269 421
6270 538
6271 707
6272 678
6273 339
6274 145
6275 83
6276 957
6277 299
6278 32
6279 922
6280 809
6281 680
6282 25
6283 878
6284 17
6285 548
6286 458
6287 42
6288 143
6289 270
6290 864
6291 263
6292 485
6293 299
6294 293
6295 990
6296 19
6297 628
6298 76
6299 116
6300 21
6301 844
6302 629
6303 594
6304 304
6305 397
6306 716
6307 272
6308 301
6309 230
6310 932
6311 94
6312 862
6313 370
6314 801
6315 439
6316 774
6317 879
6318 211
6319 314
6320 621
6321 378
6322 503
6323 446
6324 137
6325 492
6326 439
6327 209
6328 976
6329 699
6330 681
6331 525
6332 490
6333 88
6334 629
6335 232
6336 43
6337 16
6338 71
6339 446
6340 230
6341 961
6342 813
6343 845
6344 205
6345 563
6346 347
6347 805
6348 876
6349 144
6350 114
6351 850
6352 326
6353 449
6354 759
6355 103
6356 376
6357 911
6358 759
6359 569
6360 113
6361 163
6362 872
6363 269
6364 155
6365 954
6366 675
6367 927
6368 331
6369 249
6370 798
6371 816
6372 235
6373 928
6374 742
6375 666
6376 714
6377 886
6378 129
6379 460
6380 121
6381 354
6382 809
6383 21
6384 702
6385 977
6386 917
6387 990
6388 901
6389 728
6390 49
6391 785
6392 106
6393 463
6394 798
6395 888
6396 420
6397 128
6398 333
6399 515
6400 923
6401 180
6402 188
6403 98
6404 514
6405 761
6406 699
6407 179
6408 352
6409 209
6410 104
6411 80
6412 728
6413 761
6414 606
6415 256
6416 504
6417 660
6418 988
6419 680
6420 174
6421 636
6422 778
6423 110
6424 614
6425 37
6426 327
6427 338
6428 865
6429 790
6430 222
6431 521
6432 304
6433 876
6434 246
6435 160
6436 350
6437 501
6438 240
6439 97
6440 219
6441 238
6442 348
6443 173
6444 884
6445 258
6446 436
6447 518
6448 552
6449 495
6450 778
6451 256
6452 838
6453 734
6454 989
6455 548
6456 634
6457 95
6458 687
6459 551
6460 902
6461 487
6462 650
6463 589
6464 533
6465 951
6466 840
6467 342
6468 203
6469 738
6470 674
6471 699
6472 144
6473 178
6474 344
6475 208
6476 859
6477 648
6478 207
6479 325
6480 539
6481 790
6482 985
6483 890
6484 801
6485 867
6486 447
6487 718
6488 305
6489 434
6490 561
6491 876
6492 672
6493 439
6494 957
6495 419
6496 63
6497 960
6498 934
6499 161
6500 605
6501 483
6502 868
6503 643
6504 571
6505 210
6506 865
6507 515
6508 376
6509 911
6510 4
6511 639
6512 253
6513 693
6514 670
6515 474
6516 939
6517 822
6518 210
6519 937
6520 0
6521 627
6522 394
6523 20
6524 481
6525 227
6526 564
6527 438
6528 641
6529 338
6530 723
6531 851
6532 520
6533 789
6534 698
6535 478
6536 823
6537 320
6538 691
6539 500
6540 503
6541 820
6542 494
6543 544
6544 377
6545 296
6546 757
6547 188
6548 976
6549 203
6550 524
6551 816
6552 443
6553 308
6554 206
6555 563
6556 766
6557 782
6558 490
6559 627
6560 0
6561 363
6562 685
6563 354
6564 104
6565 523
6566 241
6567 559
6568 256
6569 313
6570 978
6571 86
6572 860
6573 66
6574 257
6575 854
6576 652
6577 307
6578 602
6579 180
6580 228
6581 647
6582 304
6583 265
6584 292
6585 946
6586 449
6587 509
6588 892
6589 876
6590 524
6591 374
6592 112
6593 645
6594 286
6595 153
6596 337
6597 937
6598 603
6599 523
6600 195
6601 817
6602 466
6603 245
6604 635
6605 38
6606 898
6607 546
6608 553
6609 538
6610 136
6611 719
6612 467
6613 5
6614 939
6615 302
6616 650
6617 73
6618 838
6619 534
6620 949
6621 578
6622 156
6623 186
6624 227
6625 173
6626 667
6627 188
6628 535
6629 932
6630 150
6631 486
6632 164
6633 468
6634 686
6635 173
6636 567
6637 403
6638 372
6639 979
6640 444
6641 665
6642 301
6643 623
6644 817
6645 690
6646 871
6647 91
6648 599
6649 644
6650 579
6651 610
6652 566
6653 428
6654 816
6655 84
6656 712
6657 255
6658 871
6659 567
6660 958
6661 928
6662 14
6663 316
6664 494
6665 797
6666 12
6667 307
6668 150
6669 398
6670 523
6671 91
6672 83
6673 211
6674 531
6675 2
6676 250
6677 929
6678 610
6679 382
6680 503
6681 89
6682 802
6683 806
6684 68
6685 580
6686 331
6687 847
6688 729
6689 823
6690 456
6691 943
6692 242
6693 911
6694 942
6695 688
6696 118
6697 242
6698 237
6699 169
6700 979
6701 514
6702 875
6703 735
6704 463
6705 398
6706 238
6707 379
6708 874
6709 830
6710 928
6711 456
6712 399
6713 963
6714 456
6715 108
6716 529
6717 560
6718 930
6719 593
6720 186
6721 809
6722 296
6723 334
6724 463
6725 967
6726 657
6727 510
6728 663
6729 558
6730 936
6731 877
6732 194
6733 595
6734 761
6735 75
6736 207
6737 212
6738 52
6739 182
6740 173
6741 654
6742 315
6743 256
6744 547
6745 701
6746 408
6747 482
6748 539
6749 500
6750 416
6751 907
6752 536
6753 897
6754 364
6755 378
6756 489
6757 516
6758 630
6759 668
6760 510
6761 356
6762 120
6763 362
6764 255
6765 38
6766 887
6767 386
6768 932
6769 291
6770 47
6771 696
6772 391
6773 652
6774 745
6775 840
6776 150
6777 573
6778 648
6779 651
6780 964
6781 59
6782 345
6783 20
6784 127
6785 219
6786 871
6787 726
6788 612
6789 441
6790 462
6791 596
6792 854
6793 345
6794 728
6795 604
6796 510
6797 342
6798 636
6799 225
6800 397
6801 245
6802 388
6803 651
6804 404
6805 357
6806 981
6807 893
6808 868
6809 837
6810 50
6811 707
6812 962
6813 353
6814 617
6815 710
6816 114
6817 371
6818 567
6819 942
6820 764
6821 466
6822 751
6823 235
6824 900
6825 98
6826 133
6827 935
6828 395
6829 767
6830 105
6831 475
6832 284
6833 519
6834 311
6835 173
6836 145
6837 844
6838 196
6839 811
6840 91
6841 346
6842 539
6843 446
6844 399
6845 267
6846 125
6847 774
6848 870
6849 372
6850 102
6851 534
6852 366
6853 588
6854 100
6855 940
6856 484
6857 57
6858 115
6859 759
6860 243
6861 398
6862 356
6863 285
6864 685
6865 861
6866 812
6867 712
6868 568
6869 445
6870 488
6871 125
6872 180
6873 112
6874 167
6875 289
6876 465
6877 252
6878 111
6879 415
6880 710
6881 652
6882 905
6883 74
6884 108
6885 290
6886 65
6887 644
6888 937
6889 595
6890 854
6891 881
6892 200
6893 255
6894 160
6895 827
6896 829
6897 267
6898 975
6899 930
6900 174
6901 677
6902 711
6903 512
6904 5
6905 907
6906 345
6907 462
6908 747
6909 329
6910 886
6911 895
6912 7
6913 565
6914 180
6915 527
6916 315
6917 929
6918 851
6919 807
6920 495
6921 492
6922 97
6923 248
6924 463
6925 165
6926 425
6927 945
6928 735
6929 893
6930 171
6931 382
6932 607
6933 671
6934 141
6935 895
6936 922
6937 71
6938 830
6939 587
6940 496
6941 165
6942 3
6943 567
6944 324
6945 645
6946 947
6947 352
6948 647
6949 195
6950 877
6951 784
6952 75
6953 816
6954 881
6955 823
6956 492
6957 36
6958 596
6959 922
6960 48
6961 495
6962 141
6963 633
6964 920
6965 232
6966 804
6967 487
6968 262
6969 632
6970 618
6971 299
6972 606
6973 468
6974 156
6975 606
6976 994
6977 86
6978 913
6979 648
6980 29
6981 879
6982 971
6983 580
6984 353
6985 283
6986 242
6987 300
6988 499
6989 240
6990 316
6991 490
6992 404
6993 316
6994 777
6995 285
6996 211
6997 283
6998 178
6999 644
7000 462
7001 706
7002 593
7003 906
7004 584
7005 939
7006 660
7007 686
7008 716
7009 613
7010 555
7011 21
7012 455
7013 799
7014 561
7015 847
7016 268
7017 664
7018 480
7019 459
7020 313
7021 230
7022 885
7023 663
7024 254
7025 378
7026 714
7027 256
7028 934
7029 348
7030 850
7031 642
7032 341
7033 673
7034 439
7035 508
7036 130
7037 701
7038 871
7039 188
7040 487
7041 822
7042 101
7043 650
7044 603
7045 999
7046 492
7047 956
7048 424
7049 325
7050 895
7051 254
7052 232
7053 194
7054 107
7055 859
7056 931
7057 507
7058 222
7059 572
7060 35
7061 664
7062 128
7063 268
7064 80
7065 872
7066 599
7067 558
7068 416
7069 887
7070 498
7071 419
7072 310
7073 365
7074 835
7075 564
7076 147
7077 523
7078 7
7079 688
7080 618
7081 749
7082 946
7083 554
7084 21
7085 831
7086 339
7087 283
7088 294
7089 309
7090 79
7091 751
7092 135
7093 787
7094 377
7095 999
7096 403
7097 485
7098 391
7099 290
7100 261
7101 348
7102 672
7103 760
7104 886
7105 966
7106 417
7107 877
7108 237
7109 968
7110 951
7111 398
7112 502
7113 419
7114 182
7115 772
7116 653
7117 649
7118 40
7119 522
7120 27
7121 634
7122 330
7123 292
7124 415
7125 367
7126 960
7127 30
7128 697
7129 338
7130 145
7131 782
7132 423
7133 632
7134 789
7135 959
7136 434
7137 52
7138 114
7139 347
7140 675
7141 746
7142 374
7143 916
7144 543
7145 60
7146 479
7147 215
7148 610
7149 716
7150 6
7151 637
7152 631
7153 751
7154 802
7155 343
7156 350
7157 890
7158 489
7159 22
7160 638
7161 324
7162 226
7163 693
7164 369
7165 864
7166 701
7167 275
7168 439
7169 149
7170 179
7171 313
7172 259
7173 532
7174 418
7175 452
7176 658
7177 693
7178 809
7179 799
7180 929
7181 413
7182 626
7183 712
7184 950
7185 440
7186 317
7187 837
7188 767
7189 464
7190 385
7191 755
7192 919
7193 320
7194 429
7195 579
7196 575
7197 519
7198 973
7199 961
7200 233
7201 124
7202 120
7203 418
7204 695
7205 74
7206 710
7207 890
7208 842
7209 160
7210 23
7211 296
7212 575
7213 936
7214 943
7215 470
7216 43
7217 361
7218 253
7219 200
7220 736
7221 276
7222 923
7223 904
7224 16
7225 600
7226 367
7227 484
7228 253
7229 530
7230 192
7231 829
7232 907
7233 380
7234 653
7235 188
7236 877
7237 240
7238 815
7239 963
7240 532
7241 306
7242 646
7243 662
7244 902
7245 208
7246 321
7247 724
7248 651
7249 646
7250 807
7251 486
7252 659
7253 514
7254 947
7255 154
7256 60
7257 113
7258 237
7259 212
7260 895
7261 340
7262 642
7263 786
7264 545
7265 243
7266 493
7267 747
7268 535
7269 19
7270 127
7271 227
7272 147
7273 383
7274 962
7275 661
7276 516
7277 841
7278 44
7279 54
7280 58
7281 539
7282 367
7283 722
7284 206
7285 79
7286 533
7287 117
7288 455
7289 895
7290 457
7291 176
7292 713
7293 401
7294 792
7295 125
7296 248
7297 595
7298 590
7299 617
7300 27
7301 463
7302 948
7303 334
7304 180
7305 699
7306 535
7307 738
7308 211
7309 616
7310 869
7311 375
7312 434
7313 780
7314 465
7315 32
7316 500
7317 390
7318 206
7319 604
7320 950
7321 694
7322 103
7323 514
7324 79
7325 862
7326 28
7327 2
7328 884
7329 529
7330 730
7331 316
7332 148
7333 639
7334 354
7335 919
7336 762
7337 258
7338 785
7339 15
7340 73
7341 136
7342 87
7343 220
7344 882
7345 205
7346 200
7347 980
7348 976
7349 411
7350 49
7351 524
7352 749
7353 793
7354 565
7355 960
7356 29
7357 286
7358 917
7359 612
7360 112
7361 713
7362 813
7363 318
7364 598
7365 415
7366 411
7367 563
7368 426
7369 583
7370 403
7371 490
7372 673
7373 877
7374 150
7375 425
7376 876
7377 345
7378 945
7379 442
7380 80
7381 771
7382 890
7383 537
7384 79
7385 582
7386 285
7387 157
7388 191
7389 734
7390 756
7391 96
7392 545
7393 543
7394 573
7395 709
7396 140
7397 252
7398 677
7399 477
7400 288
7401 832
7402 658
7403 870
7404 406
7405 596
7406 791
7407 769
7408 76
7409 526
7410 168
7411 182
7412 807
7413 26
7414 565
7415 406
7416 857
7417 431
7418 380
7419 725
7420 354
7421 113
7422 255
7423 122
7424 290
7425 127
7426 124
7427 724
7428 804
7429 641
7430 795
7431 267
7432 183
7433 199
7434 354
7435 256
7436 230
7437 480
7438 588
7439 969
7440 711
7441 14
7442 241
7443 365
7444 89
7445 90
7446 311
7447 448
7448 694
7449 266
7450 46
7451 892
7452 48
7453 188
7454 561
7455 157
7456 112
7457 53
7458 23
7459 271
7460 553
7461 442
7462 673
7463 414
7464 283
7465 858
7466 567
7467 482
7468 12
7469 182
7470 36
7471 437
7472 137
7473 686
7474 664
7475 586
7476 378
7477 114
7478 531
7479 395
7480 115
7481 145
7482 190
7483 759
7484 14
7485 322
7486 646
7487 238
7488 790
7489 284
7490 874
7491 235
7492 943
7493 164
7494 764
7495 549
7496 737
7497 891
7498 501
7499 105
7500 155
7501 665
7502 288
7503 928
7504 933
7505 786
7506 216
7507 969
7508 477
7509 147
7510 45
7511 466
7512 707
7513 890
7514 450
7515 240
7516 440
7517 415
7518 514
7519 649
7520 633
7521 250
7522 73
7523 866
7524 122
7525 250
7526 327
7527 618
7528 69
7529 55
7530 7
7531 122
7532 969
7533 693
7534 990
7535 719
7536 807
7537 918
7538 286
7539 486
7540 112
7541 35
7542 770
7543 970
7544 891
7545 199
7546 540
7547 533
7548 83
7549 928
7550 354
7551 705
7552 708
7553 242
7554 936
7555 850
7556 942
7557 201
7558 38
7559 306
7560 490
7561 890
7562 578
7563 920
7564 881
7565 247
7566 561
7567 910
7568 36
7569 654
7570 126
7571 157
7572 502
7573 46
7574 117
7575 183
7576 918
7577 149
7578 473
7579 961
7580 105
7581 504
7582 217
7583 675
7584 708
7585 879
7586 74
7587 269
7588 231
7589 460
7590 582
7591 712
7592 916
7593 416
7594 706
7595 191
7596 583
7597 59
7598 909
7599 368
7600 840
7601 558
7602 876
7603 658
7604 971
7605 238
7606 530
7607 980
7608 25
7609 904
7610 37
7611 696
7612 503
7613 979
7614 884
7615 563
7616 532
7617 422
7618 396
7619 193
7620 825
7621 431
7622 994
7623 161
7624 712
7625 13
7626 10
7627 555
7628 967
7629 595
7630 478
7631 338
7632 462
7633 882
7634 219
7635 458
7636 915
7637 522
7638 797
7639 342
7640 799
7641 212
7642 971
7643 862
7644 954
7645 934
7646 309
7647 44
7648 81
7649 92
7650 354
7651 50
7652 296
7653 559
7654 990
7655 441
7656 618
7657 293
7658 792
7659 368
7660 805
7661 702
7662 441
7663 95
7664 75
7665 494
7666 864
7667 119
7668 802
7669 979
7670 91
7671 961
7672 365
7673 173
7674 296
7675 567
7676 836
7677 740
7678 370
7679 547
7680 839
7681 51
7682 519
7683 26
7684 904
7685 592
7686 878
7687 596
7688 573
7689 916
7690 590
7691 202
7692 813
7693 981
7694 745
7695 29
7696 258
7697 197
7698 543
7699 543
7700 476
7701 703
7702 783
7703 256
7704 247
7705 734
7706 969
7707 448
7708 34
7709 986
7710 374
7711 779
7712 17
7713 344
7714 761
7715 430
7716 893
7717 852
7718 383
7719 373
7720 262
7721 582
7722 633
7723 550
7724 106
7725 62
7726 546
7727 541
7728 376
7729 805
7730 596
7731 797
7732 605
7733 898
7734 341
7735 720
7736 216
7737 869
7738 815
7739 715
7740 913
7741 323
7742 166
7743 937
7744 363
7745 87
7746 450
7747 147
7748 659
7749 161
7750 180
7751 465
7752 664
7753 670
7754 773
7755 735
7756 394
7757 28
7758 257
7759 198
7760 640
7761 248
7762 667
7763 701
7764 674
7765 22
7766 58
7767 557
7768 188
7769 308
7770 801
7771 606
7772 179
7773 116
7774 221
7775 473
7776 10
7777 372
7778 399
7779 51
7780 614
7781 891
7782 49
7783 51
7784 568
7785 874
7786 533
7787 233
7788 320
7789 844
7790 273
7791 394
7792 183
7793 388
7794 95
7795 412
7796 469
7797 322
7798 801
7799 594
7800 920
7801 481
7802 33
7803 628
7804 702
7805 160
7806 167
7807 839
7808 986
7809 778
7810 756
7811 564
7812 162
7813 837
7814 610
7815 544
7816 497
7817 900
7818 182
7819 128
7820 617
7821 241
7822 206
7823 862
7824 296
7825 267
7826 605
7827 236
7828 763
7829 391
7830 542
7831 196
7832 104
7833 950
7834 581
7835 321
7836 437
7837 187
7838 184
7839 734
7840 582
7841 79
7842 108
7843 361
7844 131
7845 171
7846 284
7847 524
7848 840
7849 281
7850 805
7851 808
7852 391
7853 360
7854 261
7855 645
7856 736
7857 306
7858 857
7859 971
7860 248
7861 723
7862 373
7863 854
7864 319
7865 648
7866 199
7867 354
7868 139
7869 402
7870 813
7871 851
7872 867
7873 774
7874 660
7875 95
7876 78
7877 802
7878 818
7879 282
7880 857
7881 70
7882 27
7883 445
7884 407
7885 332
7886 168
7887 669
7888 954
7889 349
7890 775
7891 299
7892 904
7893 346
7894 539
7895 373
7896 866
7897 19
7898 107
7899 945
7900 302
7901 672
7902 64
7903 897
7904 572
7905 818
7906 912
7907 736
7908 117
7909 333
7910 985
7911 263
7912 127
7913 357
7914 527
7915 180
7916 37
7917 841
7918 693
7919 831
7920 339
7921 648
7922 554
7923 178
7924 976
7925 87
7926 307
7927 381
7928 212
7929 956
7930 87
7931 460
7932 520
7933 754
7934 0
7935 173
7936 605
7937 905
7938 652
7939 1
7940 853
7941 561
7942 83
7943 759
7944 878
7945 851
7946 539
7947 31
7948 893
7949 812
7950 624
7951 882
7952 623
7953 999
7954 743
7955 579
7956 82
7957 990
7958 505
7959 898
7960 730
7961 293
7962 213
7963 85
7964 271
7965 59
7966 606
7967 299
7968 756
7969 565
7970 28
7971 215
7972 482
7973 385
7974 670
7975 333
7976 755
7977 332
7978 501
7979 996
7980 35
7981 720
7982 867
7983 464
7984 113
7985 814
7986 594
7987 811
7988 531
7989 243
7990 658
7991 7
7992 343
7993 394
7994 858
7995 90
7996 102
7997 567
7998 496
7999 159
8000 610
8001 715
8002 651
8003 605
8004 417
8005 793
8006 149
8007 22
8008 170
8009 643
8010 807
8011 910
8012 140
8013 554
8014 980
8015 870
8016 981
8017 936
8018 303
8019 956
8020 472
8021 19
8022 321
8023 809
8024 352
8025 353
8026 850
8027 998
8028 249
8029 227
8030 313
8031 924
8032 318
8033 23
8034 895
8035 687
8036 828
8037 726
8038 421
8039 374
8040 206
8041 678
8042 885
8043 569
8044 946
8045 117
8046 22
8047 391
8048 136
8049 27
8050 2
8051 540
8052 707
8053 122
8054 778
8055 11
8056 632
8057 925
8058 489
8059 806
8060 427
8061 146
8062 437
8063 831
8064 26
8065 421
8066 682
8067 617
8068 377
8069 659
8070 560
8071 576
8072 419
8073 304
8074 37
8075 618
8076 738
8077 557
8078 862
8079 728
8080 390
8081 705
8082 102
8083 309
8084 425
8085 547
8086 233
8087 802
8088 308
8089 433
8090 258
8091 4
8092 218
8093 329
8094 457
8095 443
8096 938
8097 921
8098 952
8099 799
8100 562
8101 548
8102 556
8103 945
8104 230
8105 116
8106 161
8107 747
8108 328
8109 183
8110 735
8111 109
8112 618
8113 912
8114 96
8115 837
8116 111
8117 202
8118 11
8119 178
8120 95
8121 707
8122 155
8123 461
8124 49
8125 555
8126 808
8127 669
8128 923
8129 615
8130 975
8131 462
8132 189
8133 126
8134 557
8135 373
8136 339
8137 600
8138 975
8139 722
8140 17
8141 686
8142 253
8143 649
8144 513
8145 658
8146 892
8147 351
8148 367
8149 836
8150 307
8151 327
8152 230
8153 685
8154 878
8155 998
8156 884
8157 988
8158 662
8159 393
8160 736
8161 995
8162 793
8163 672
8164 116
8165 685
8166 101
8167 447
8168 197
8169 998
8170 816
8171 657
8172 999
8173 823
8174 684
8175 298
8176 974
8177 476
8178 310
8179 975
8180 463
8181 532
8182 245
8183 932
8184 141
8185 653
8186 951
8187 170
8188 271
8189 153
8190 519
8191 602
8192 518
8193 809
8194 115
8195 787
8196 645
8197 212
8198 290
8199 996
8200 393
8201 763
8202 875
8203 70
8204 808
8205 205
8206 720
8207 849
8208 798
8209 498
8210 930
8211 610
8212 954
8213 6
8214 190
8215 533
8216 799
8217 253
8218 988
8219 749
8220 870
8221 765
8222 384
8223 389
8224 593
8225 404
8226 225
8227 634
8228 186
8229 479
8230 751
8231 119
8232 34
8233 195
8234 371
8235 996
8236 254
8237 620
8238 406
8239 901
8240 60
8241 104
8242 635
8243 754
8244 563
8245 823
8246 896
8247 160
8248 368
8249 722
8250 879
8251 763
8252 509
8253 989
8254 420
8255 318
8256 724
8257 202
8258 559
8259 73
8260 513
8261 18
8262 545
8263 774
8264 973
8265 67
8266 563
8267 304
8268 887
8269 41
8270 737
8271 928
8272 981
8273 738
8274 454
8275 437
8276 200
8277 707
8278 89
8279 255
8280 461
8281 256
8282 557
8283 584
8284 72
8285 68
8286 487
8287 368
8288 915
8289 597
8290 488
8291 756
8292 588
8293 514
8294 403
8295 250
8296 453
8297 549
8298 480
8299 708
8300 117
8301 863
8302 942
8303 950
8304 836
8305 588
8306 559
8307 382
8308 171
8309 236
8310 525
8311 231
8312 690
8313 947
8314 258
8315 521
8316 451
8317 398
8318 30
8319 728
8320 539
8321 698
8322 66
8323 448
8324 89
8325 563
8326 721
8327 970
8328 951
8329 253
8330 118
8331 462
8332 510
8333 907
8334 615
8335 973
8336 630
8337 306
8338 561
8339 521
8340 2
8341 176
8342 14
8343 427
8344 954
8345 447
8346 946
8347 808
8348 90
8349 848
8350 27
8351 90
8352 432
8353 197
8354 495
8355 711
8356 859
8357 664
8358 887
8359 0
8360 606
8361 393
8362 600
8363 392
8364 684
8365 464
8366 762
8367 655
8368 70
8369 367
8370 154
8371 266
8372 392
8373 891
8374 346
8375 936
8376 305
8377 311
8378 185
8379 811
8380 241
8381 869
8382 597
8383 809
8384 541
8385 314
8386 691
8387 935
8388 478
8389 285
8390 841
8391 649
8392 31
8393 940
8394 164
8395 376
8396 381
8397 922
8398 411
8399 928
8400 233
8401 233
8402 508
8403 957
8404 553
8405 448
8406 572
8407 834
8408 29
8409 313
8410 930
8411 621
8412 812
8413 42
8414 765
8415 202
8416 135
8417 45
8418 628
8419 595
8420 341
8421 935
8422 140
8423 785
8424 654
8425 73
8426 860
8427 457
8428 491
8429 158
8430 596
8431 510
8432 474
8433 850
8434 372
8435 478
8436 80
8437 995
8438 729
8439 276
8440 647
8441 544
8442 10
8443 50
8444 223
8445 578
8446 897
8447 889
8448 393
8449 258
8450 932
8451 95
8452 558
8453 289
8454 307
8455 875
8456 718
8457 814
8458 733
8459 103
8460 660
8461 968
8462 683
8463 691
8464 270
8465 848
8466 814
8467 698
8468 331
8469 993
8470 36
8471 763
8472 557
8473 615
8474 933
8475 598
8476 911
8477 89
8478 828
8479 865
8480 192
8481 909
8482 49
8483 847
8484 724
8485 695
8486 763
8487 164
8488 483
8489 293
8490 898
8491 703
8492 739
8493 730
8494 883
8495 211
8496 233
8497 533
8498 365
8499 76
8500 517
8501 365
8502 121
8503 99
8504 531
8505 875
8506 382
8507 54
8508 190
8509 76
8510 762
8511 551
8512 103
8513 162
8514 708
8515 687
8516 91
8517 198
8518 670
8519 751
8520 602
8521 620
8522 969
8523 547
8524 164
8525 538
8526 224
8527 651
8528 366
8529 174
8530 279
8531 96
8532 290
8533 340
8534 372
8535 983
8536 493
8537 961
8538 579
8539 900
8540 305
8541 791
8542 935
8543 287
8544 827
8545 757
8546 724
8547 604
8548 375
8549 49
8550 546
8551 865
8552 399
8553 621
8554 916
8555 409
8556 834
8557 964
8558 311
8559 831
8560 721
8561 735
8562 958
8563 922
8564 470
8565 433
8566 130
8567 244
8568 925
8569 307
8570 550
8571 582
8572 4
8573 244
8574 816
8575 620
8576 415
8577 393
8578 980
8579 544
8580 620
8581 461
8582 27
8583 502
8584 805
8585 885
8586 928
8587 659
8588 787
8589 811
8590 643
8591 155
8592 944
8593 300
8594 23
8595 470
8596 77
8597 600
8598 782
8599 406
8600 442
8601 110
8602 396
8603 519
8604 188
8605 705
8606 296
8607 283
8608 704
8609 475
8610 855
8611 145
8612 926
8613 181
8614 323
8615 89
8616 424
8617 792
8618 929
8619 927
8620 90
8621 579
8622 264
8623 18
8624 508
8625 897
8626 85
8627 648
8628 747
8629 998
8630 220
8631 600
8632 982
8633 190
8634 577
8635 219
8636 731
8637 154
8638 716
8639 775
8640 297
8641 408
8642 90
8643 762
8644 585
8645 325
8646 560
8647 632
8648 382
8649 618
8650 755
8651 888
8652 235
8653 729
8654 323
8655 273
8656 147
8657 658
8658 622
8659 885
8660 396
8661 206
8662 496
8663 999
8664 989
8665 895
8666 488
8667 606
8668 550
8669 298
8670 62
8671 878
8672 519
8673 490
8674 433
8675 367
8676 377
8677 610
8678 317
8679 60
8680 816
8681 799
8682 161
8683 355
8684 34
8685 952
8686 71
8687 292
8688 433
8689 843
8690 148
8691 303
8692 140
8693 301
8694 23
8695 294
8696 164
8697 373
8698 766
8699 981
8700 322
8701 309
8702 116
8703 10
8704 398
8705 886
8706 79
8707 692
8708 514
8709 728
8710 702
8711 884
8712 996
8713 619
8714 600
8715 906
8716 675
8717 244
8718 720
8719 142
8720 729
8721 623
8722 28
8723 892
8724 351
8725 262
8726 196
8727 627
8728 966
8729 531
8730 471
8731 658
8732 497
8733 288
8734 233
8735 391
8736 24
8737 544
8738 898
8739 406
8740 152
8741 713
8742 464
8743 802
8744 838
8745 481
8746 660
8747 299
8748 98
8749 690
8750 330
8751 716
8752 656
8753 604
8754 570
8755 375
8756 857
8757 357
8758 451
8759 168
8760 272
8761 551
8762 407
8763 131
8764 329
8765 222
8766 442
8767 882
8768 60
8769 316
8770 92
8771 607
8772 959
8773 387
8774 910
8775 579
8776 449
8777 295
8778 625
8779 528
8780 531
8781 582
8782 258
8783 561
8784 89
8785 452
8786 825
8787 372
8788 686
8789 919
8790 41
8791 377
8792 190
8793 364
8794 970
8795 963
8796 892
8797 436
8798 50
8799 975
8800 796
8801 494
8802 706
8803 285
8804 787
8805 450
8806 940
8807 218
8808 802
8809 567
8810 163
8811 23
8812 346
8813 770
8814 42
8815 426
8816 801
8817 101
8818 31
8819 320
8820 826
8821 855
8822 593
8823 323
8824 395
8825 645
8826 723
8827 557
8828 64
8829 181
8830 621
8831 930
8832 13
8833 898
8834 808
8835 923
8836 456
8837 873
8838 351
8839 340
8840 821
8841 207
8842 557
8843 731
8844 723
8845 245
8846 449
8847 99
8848 691
8849 169
8850 270
8851 861
8852 249
8853 90
8854 151
8855 42
8856 500
8857 463
8858 672
8859 256
8860 143
8861 717
8862 479
8863 6
8864 266
8865 676
8866 921
8867 773
8868 642
8869 652
8870 305
8871 397
8872 964
8873 553
8874 348
8875 745
8876 930
8877 936
8878 648
8879 720
8880 772
8881 549
8882 555
8883 465
8884 8
8885 203
8886 943
8887 946
8888 588
8889 623
8890 387
8891 765
8892 135
8893 1
8894 677
8895 616
8896 799
8897 303
8898 787
8899 335
8900 990
8901 928
8902 504
8903 904
8904 286
8905 354
8906 700
8907 523
8908 875
8909 457
8910 205
8911 572
8912 280
8913 29
8914 537
8915 566
8916 57
8917 942
8918 870
8919 454
8920 783
8921 847
8922 704
8923 49
8924 379
8925 228
8926 561
8927 259
8928 834
8929 353
8930 664
8931 93
8932 990
8933 688
8934 504
8935 754
8936 445
8937 974
8938 120
8939 542
8940 754
8941 67
8942 795
8943 460
8944 538
8945 261
8946 454
8947 714
8948 689
8949 120
8950 127
8951 323
8952 227
8953 644
8954 53
8955 777
8956 782
8957 618
8958 754
8959 860
8960 644
8961 108
8962 372
8963 516
8964 479
8965 897
8966 915
8967 839
8968 677
8969 193
8970 374
8971 951
8972 139
8973 459
8974 246
8975 971
8976 62
8977 121
8978 124
8979 464
8980 44
8981 604
8982 366
8983 548
8984 785
8985 138
8986 868
8987 760
8988 54
8989 240
8990 889
8991 183
8992 315
8993 485
8994 117
8995 607
8996 85
8997 278
8998 943
8999 626
9000 243
9001 295
9002 688
9003 593
9004 402
9005 996
9006 795
9007 398
9008 9
9009 525
9010 0
9011 869
9012 695
9013 47
9014 360
9015 79
9016 696
9017 525
9018 290
9019 954
9020 590
9021 74
9022 772
9023 56
9024 467
9025 25
9026 806
9027 777
9028 773
9029 691
9030 728
9031 768
9032 67
9033 748
9034 803
9035 800
9036 580
9037 955
9038 125
9039 473
9040 159
9041 116
9042 270
9043 251
9044 788
9045 780
9046 719
9047 229
9048 657
9049 16
9050 483
9051 859
9052 657
9053 875
9054 126
9055 378
9056 528
9057 130
9058 450
9059 160
9060 377
9061 517
9062 912
9063 829
9064 392
9065 764
9066 315
9067 496
9068 275
9069 459
9070 216
9071 296
9072 651
9073 636
9074 250
9075 504
9076 24
9077 263
9078 882
9079 429
9080 619
9081 945
9082 643
9083 719
9084 645
9085 167
9086 219
9087 881
9088 164
9089 213
9090 358
9091 647
9092 551
9093 631
9094 613
9095 804
9096 262
9097 154
9098 971
9099 13
9100 356
9101 992
9102 568
9103 486
9104 257
9105 991
9106 239
9107 150
9108 544
9109 517
9110 162
9111 553
9112 183
9113 411
9114 93
9115 882
9116 437
9117 738
9118 848
9119 563
9120 966
9121 494
9122 110
9123 131
9124 217
9125 925
9126 426
9127 482
9128 794
9129 828
9130 41
9131 684
9132 988
9133 735
9134 866
9135 767
9136 294
9137 307
9138 74
9139 227
9140 238
9141 530
9142 61
9143 590
9144 780
9145 89
9146 142
9147 849
9148 725
9149 321
9150 856
9151 90
9152 744
9153 929
9154 973
9155 950
9156 140
9157 236
9158 75
9159 115
9160 568
9161 356
9162 799
9163 327
9164 749
9165 235
9166 977
9167 833
9168 590
9169 898
9170 271
9171 746
9172 440
9173 408
9174 822
9175 711
9176 916
9177 768
9178 194
9179 998
9180 633
9181 720
9182 703
9183 123
9184 862
9185 513
9186 160
9187 654
9188 485
9189 56
9190 693
9191 986
9192 443
9193 112
9194 442
9195 628
9196 796
9197 609
9198 913
9199 990
9200 868
9201 57
9202 978
9203 623
9204 512
9205 917
9206 241
9207 801
9208 11
9209 29
9210 381
9211 783
9212 333
9213 66
9214 457
9215 849
9216 949
9217 68
9218 468
9219 261
9220 359
9221 356
9222 259
9223 828
9224 400
9225 658
9226 709
9227 758
9228 166
9229 316
9230 535
9231 331
9232 709
9233 764
9234 278
9235 23
9236 988
9237 589
9238 490
9239 800
9240 278
9241 370
9242 467
9243 303
9244 29
9245 747
9246 371
9247 897
9248 40
9249 268
9250 50
9251 193
9252 829
9253 900
9254 913
9255 428
9256 194
9257 7
9258 582
9259 721
9260 709
9261 760
9262 342
9263 259
9264 276
9265 559
9266 193
9267 332
9268 199
9269 387
9270 670
9271 615
9272 161
9273 892
9274 607
9275 626
9276 413
9277 127
9278 752
9279 703
9280 756
9281 343
9282 49
9283 461
9284 445
9285 612
9286 371
9287 312
9288 166
9289 299
9290 687
9291 465
9292 231
9293 986
9294 586
9295 147
9296 694
9297 46
9298 677
9299 260
9300 156
9301 947
9302 952
9303 684
9304 767
9305 127
9306 566
9307 805
9308 361
9309 867
9310 900
9311 310
9312 445
9313 959
9314 884
9315 246
9316 761
9317 433
9318 622
9319 34
9320 159
9321 178
9322 949
9323 659
9324 790
9325 85
9326 543
9327 335
9328 766
9329 557
9330 670
9331 634
9332 465
9333 442
9334 933
9335 800
9336 396
9337 423
9338 380
9339 394
9340 101
9341 979
9342 100
9343 35
9344 822
9345 890
9346 454
9347 14
9348 375
9349 175
9350 725
9351 14
9352 466
9353 296
9354 724
9355 121
9356 728
9357 294
9358 626
9359 498
9360 697
9361 744
9362 258
9363 954
9364 353
9365 707
9366 927
9367 770
9368 525
9369 776
9370 293
9371 191
9372 45
9373 426
9374 786
9375 282
9376 524
9377 922
9378 956
9379 379
9380 722
9381 145
9382 132
9383 337
9384 954
9385 921
9386 584
9387 89
9388 799
9389 560
9390 654
9391 713
9392 282
9393 626
9394 411
9395 536
9396 271
9397 827
9398 292
9399 44
9400 534
9401 566
9402 380
9403 542
9404 21
9405 812
9406 493
9407 206
9408 562
9409 380
9410 122
9411 159
9412 973
9413 675
9414 928
9415 271
9416 444
9417 673
9418 292
9419 782
9420 513
9421 504
9422 151
9423 832
9424 622
9425 681
9426 495
9427 944
9428 969
9429 220
9430 463
9431 106
9432 186
9433 740
9434 503
9435 397
9436 409
9437 614
9438 838
9439 476
9440 228
9441 892
9442 499
9443 816
9444 54
9445 50
9446 531
9447 924
9448 508
9449 547
9450 781
9451 932
9452 913
9453 793
9454 266
9455 498
9456 249
9457 975
9458 168
9459 238
9460 186
9461 5
9462 597
9463 682
9464 94
9465 904
9466 240
9467 871
9468 917
9469 907
9470 355
9471 952
9472 16
9473 694
9474 565
9475 793
9476 400
9477 41
9478 508
9479 211
9480 461
9481 237
9482 319
9483 895
9484 578
9485 151
9486 65
9487 404
9488 662
9489 346
9490 586
9491 399
9492 950
9493 208
9494 408
9495 390
9496 861
9497 556
9498 748
9499 497
9500 837
9501 879
9502 135
9503 741
9504 631
9505 902
9506 746
9507 6
9508 895
9509 212
9510 708
9511 665
9512 243
9513 625
9514 806
9515 851
9516 946
9517 6
9518 347
9519 258
9520 505
9521 676
9522 59
9523 454
9524 888
9525 441
9526 263
9527 986
9528 636
9529 126
9530 526
9531 45
9532 13
9533 487
9534 478
9535 176
9536 568
9537 671
9538 183
9539 300
9540 791
9541 56
9542 169
9543 793
9544 27
9545 340
9546 541
9547 997
9548 436
9549 548
9550 817
9551 991
9552 983
9553 754
9554 293
9555 415
9556 102
9557 484
9558 35
9559 532
9560 454
9561 264
9562 772
9563 89
9564 346
9565 654
9566 660
9567 293
9568 340
9569 551
9570 199
9571 917
9572 268
9573 8
9574 174
9575 688
9576 769
9577 427
9578 714
9579 935
9580 548
9581 178
9582 313
9583 904
9584 916
9585 696
9586 749
9587 286
9588 811
9589 494
9590 945
9591 366
9592 288
9593 583
9594 808
9595 671
9596 526
9597 561
9598 350
9599 991
9600 762
9601 496
9602 584
9603 15
9604 866
9605 313
9606 591
9607 890
9608 544
9609 720
9610 599
9611 135
9612 117
9613 494
9614 574
9615 232
9616 795
9617 650
9618 103
9619 639
9620 435
9621 787
9622 278
9623 788
9624 885
9625 951
9626 567
9627 69
9628 790
9629 531
9630 791
9631 163
9632 292
9633 840
9634 876
9635 244
9636 908
9637 638
9638 264
9639 739
9640 68
9641 48
9642 536
9643 160
9644 245
9645 787
9646 940
9647 541
9648 776
9649 548
9650 183
9651 78
9652 170
9653 229
9654 533
9655 420
9656 722
9657 580
9658 460
9659 182
9660 199
9661 545
9662 100
9663 980
9664 14
9665 273
9666 336
9667 306
9668 448
9669 539
9670 326
9671 742
9672 411
9673 839
9674 267
9675 502
9676 679
9677 774
9678 831
9679 464
9680 617
9681 602
9682 240
9683 992
9684 812
9685 803
9686 243
9687 503
9688 227
9689 322
9690 45
9691 790
9692 507
9693 814
9694 751
9695 264
9696 101
9697 672
9698 696
9699 476
9700 369
9701 917
9702 436
9703 671
9704 126
9705 89
9706 394
9707 245
9708 167
9709 722
9710 500
9711 760
9712 599
9713 200
9714 288
9715 471
9716 373
9717 190
9718 923
9719 76
9720 42
9721 461
9722 796
9723 202
9724 343
9725 686
9726 758
9727 656
9728 604
9729 50
9730 464
9731 87
9732 492
9733 136
9734 959
9735 28
9736 700
9737 201
9738 619
9739 274
9740 25
9741 284
9742 230
9743 407
9744 409
9745 785
9746 417
9747 705
9748 649
9749 932
9750 561
9751 765
9752 46
9753 65
9754 30
9755 60
9756 920
9757 334
9758 276
9759 123
9760 920
9761 49
9762 843
9763 573
9764 483
9765 558
9766 641
9767 991
9768 998
9769 485
9770 984
9771 423
9772 561
9773 319
9774 497
9775 666
9776 344
9777 547
9778 535
9779 129
9780 580
9781 977
9782 369
9783 767
9784 697
9785 369
9786 103
9787 602
9788 88
9789 809
9790 790
9791 363
9792 101
9793 754
9794 318
9795 716
9796 531
9797 973
9798 528
9799 333
9800 683
9801 168
9802 837
9803 418
9804 179
9805 351
9806 466
9807 653
9808 75
9809 88
9810 496
9811 275
9812 450
9813 199
9814 424
9815 974
9816 367
9817 243
9818 643
9819 775
9820 189
9821 363
9822 247
9823 605
9824 966
9825 801
9826 797
9827 910
9828 584
9829 433
9830 855
9831 113
9832 444
9833 421
9834 32
9835 342
9836 283
9837 441
9838 740
9839 699
9840 731
9841 853
9842 526
9843 860
9844 992
9845 141
9846 32
9847 629
9848 486
9849 217
9850 301
9851 287
9852 57
9853 321
9854 11
9855 445
9856 935
9857 449
9858 364
9859 521
9860 830
9861 109
9862 163
9863 744
9864 328
9865 497
9866 611
9867 415
9868 749
9869 448
9870 747
9871 585
9872 63
9873 183
9874 942
9875 326
9876 328
9877 132
9878 472
9879 673
9880 951
9881 248
9882 762
9883 686
9884 938
9885 903
9886 822
9887 878
9888 550
9889 664
9890 758
9891 80
9892 97
9893 381
9894 815
9895 838
9896 640
9897 689
9898 555
9899 249
9900 309
9901 176
9902 788
9903 74
9904 649
9905 640
9906 612
9907 223
9908 823
9909 106
9910 617
9911 373
9912 240
9913 861
9914 806
9915 424
9916 739
9917 671
9918 53
9919 381
9920 4
9921 97
9922 353
9923 695
9924 309
9925 350
9926 439
9927 958
9928 355
9929 935
9930 604
9931 241
9932 967
9933 278
9934 473
9935 747
9936 693
9937 749
9938 548
9939 737
9940 361
9941 499
9942 889
9943 295
9944 317
9945 906
9946 109
9947 674
9948 247
9949 936
9950 899
9951 717
9952 135
9953 727
9954 503
9955 419
9956 47
9957 59
9958 831
9959 29
9960 635
9961 16
9962 786
9963 17
9964 991
9965 262
9966 608
9967 600
9968 232
9969 58
9970 769
9971 178
9972 178
9973 778
9974 35
9975 904
9976 825
9977 356
9978 603
9979 110
9980 284
9981 235
9982 108
9983 75
9984 67
9985 575
9986 397
9987 934
9988 569
9989 553
9990 780
9991 535
9992 908
9993 280
9994 784
9995 207
9996 217
9997 962
9998 573
9999 533
